#atom-projector:0:d
-12.566630 0.000000
-12.539420 0.000000
-12.512210 0.000000
-12.485000 0.000000
-12.457780 0.000000
-12.430570 0.000000
-12.403360 0.000000
-12.376150 0.000000
-12.348940 0.000000
-12.321730 0.000000
-12.294520 0.000000
-12.267310 0.000000
-12.240090 0.000000
-12.212880 0.000000
-12.185670 0.000000
-12.158460 0.000000
-12.131250 0.000000
-12.104040 0.000000
-12.076830 0.000000
-12.049610 0.000000
-12.022400 0.000000
-11.995190 0.000000
-11.967980 0.000000
-11.940770 0.000000
-11.913560 0.000000
-11.886350 0.000000
-11.859130 0.000000
-11.831920 0.000000
-11.804710 0.000000
-11.777500 0.000000
-11.750290 0.000000
-11.723080 0.000000
-11.695870 0.000000
-11.668650 0.000000
-11.641440 0.000000
-11.614230 0.000000
-11.587020 0.000000
-11.559810 0.000000
-11.532600 0.000000
-11.505390 0.000000
-11.478170 0.000000
-11.450960 0.000000
-11.423750 0.000000
-11.396540 0.000000
-11.369330 0.000000
-11.342120 0.000000
-11.314910 0.000000
-11.287690 0.000000
-11.260480 0.000000
-11.233270 0.000000
-11.206060 0.000000
-11.178850 0.000000
-11.151640 0.000000
-11.124430 0.000000
-11.097210 0.000000
-11.070000 0.000000
-11.042790 0.000000
-11.015580 0.000000
-10.988370 0.000000
-10.961160 0.000000
-10.933950 0.000000
-10.906740 0.000000
-10.879520 0.000000
-10.852310 0.000000
-10.825100 0.000000
-10.797890 0.000000
-10.770680 0.000000
-10.743470 0.000000
-10.716260 0.000000
-10.689040 0.000000
-10.661830 0.000000
-10.634620 0.000000
-10.607410 0.000000
-10.580200 0.000000
-10.552990 0.000000
-10.525780 0.000000
-10.498560 0.000000
-10.471350 0.000000
-10.444140 0.000000
-10.416930 0.000000
-10.389720 0.000000
-10.362510 0.000000
-10.335300 0.000000
-10.308080 0.000000
-10.280870 0.000000
-10.253660 0.000000
-10.226450 0.000000
-10.199240 0.000000
-10.172030 0.000000
-10.144820 0.000000
-10.117610 0.000000
-10.090390 0.000000
-10.063180 0.000000
-10.035970 0.000000
-10.008760 0.000000
-9.981550 0.000000
-9.954340 0.000000
-9.927120 0.000000
-9.899910 0.000000
-9.872700 0.000000
-9.845490 0.000000
-9.818280 0.000000
-9.791070 0.000000
-9.763860 0.000000
-9.736650 0.000000
-9.709430 0.000000
-9.682220 0.000000
-9.655010 0.000000
-9.627800 0.000000
-9.600590 0.000000
-9.573380 0.000000
-9.546170 0.000000
-9.518950 0.000000
-9.491740 0.000000
-9.464530 0.000000
-9.437320 0.000000
-9.410110 0.000000
-9.382900 0.000000
-9.355690 0.000000
-9.328470 0.000000
-9.301260 0.000000
-9.274050 0.000000
-9.246840 0.000000
-9.219630 0.000000
-9.192420 0.000000
-9.165210 0.000000
-9.137990 0.000000
-9.110780 0.000000
-9.083570 0.000000
-9.056360 0.000000
-9.029150 0.000000
-9.001940 0.000000
-8.974730 0.000000
-8.947510 0.000000
-8.920300 0.000000
-8.893090 0.000000
-8.865880 0.000000
-8.838670 0.000000
-8.811460 0.000000
-8.784250 0.000000
-8.757040 0.000000
-8.729820 0.000000
-8.702610 0.000000
-8.675400 0.000000
-8.648190 0.000000
-8.620980 0.000000
-8.593770 0.000000
-8.566560 0.000000
-8.539340 0.000000
-8.512130 0.000000
-8.484920 0.000000
-8.457710 0.000000
-8.430500 0.000000
-8.403290 0.000000
-8.376070 0.000000
-8.348860 0.000000
-8.321650 0.000000
-8.294440 0.000000
-8.267230 0.000000
-8.240020 0.000000
-8.212810 0.000000
-8.185600 0.000102
-8.158380 0.001658
-8.131170 0.011236
-8.103960 0.040165
-8.076750 0.088373
-8.049540 0.144503
-8.022330 0.211042
-7.995120 0.287586
-7.967900 0.346969
-7.940690 0.358617
-7.913480 0.317341
-7.886270 0.249757
-7.859060 0.191272
-7.831850 0.152619
-7.804640 0.128300
-7.777420 0.110883
-7.750210 0.096155
-7.723000 0.083781
-7.695790 0.074170
-7.668580 0.066716
-7.641370 0.060196
-7.614160 0.053929
-7.586940 0.047853
-7.559730 0.042587
-7.532520 0.039797
-7.505310 0.041066
-7.478100 0.046261
-7.450890 0.053592
-7.423680 0.060322
-7.396470 0.064259
-7.369250 0.065841
-7.342040 0.066757
-7.314830 0.068063
-7.287620 0.070021
-7.260410 0.072502
-7.233200 0.075464
-7.205990 0.079016
-7.178770 0.083055
-7.151560 0.087033
-7.124350 0.090375
-7.097140 0.093246
-7.069930 0.097223
-7.042720 0.104551
-7.015510 0.115470
-6.988290 0.127288
-6.961080 0.136655
-6.933870 0.141431
-6.906660 0.141401
-6.879450 0.138993
-6.852240 0.134560
-6.825030 0.128515
-6.797810 0.121570
-6.770600 0.112633
-6.743390 0.096789
-6.716180 0.074738
-6.688970 0.060767
-6.661760 0.055729
-6.634550 0.052362
-6.607330 0.048888
-6.580120 0.045790
-6.552910 0.043393
-6.525700 0.042938
-6.498490 0.048740
-6.471280 0.063031
-6.444070 0.076660
-6.416850 0.080807
-6.389640 0.080002
-6.362430 0.079455
-6.335220 0.079959
-6.308010 0.081773
-6.280800 0.085248
-6.253590 0.089728
-6.226380 0.093301
-6.199160 0.094914
-6.171950 0.095861
-6.144740 0.096821
-6.117530 0.097747
-6.090320 0.099162
-6.063110 0.101550
-6.035900 0.104862
-6.008680 0.108997
-5.981470 0.113930
-5.954260 0.120169
-5.927050 0.130527
-5.899840 0.148209
-5.872630 0.164812
-5.845420 0.169084
-5.818200 0.175060
-5.790990 0.193264
-5.763780 0.209844
-5.736570 0.213714
-5.709360 0.207340
-5.682150 0.198876
-5.654940 0.197363
-5.627720 0.208137
-5.600510 0.235320
-5.573300 0.272872
-5.546090 0.300995
-5.518880 0.314353
-5.491670 0.319541
-5.464460 0.321685
-5.437240 0.321953
-5.410030 0.319960
-5.382820 0.315669
-5.355610 0.309863
-5.328400 0.303312
-5.301190 0.295720
-5.273980 0.286832
-5.246760 0.275757
-5.219550 0.262705
-5.192340 0.249098
-5.165130 0.234371
-5.137920 0.219215
-5.110710 0.204911
-5.083500 0.192206
-5.056280 0.182316
-5.029070 0.176503
-5.001860 0.174679
-4.974650 0.175043
-4.947440 0.175912
-4.920230 0.176644
-4.893020 0.177512
-4.865810 0.179261
-4.838590 0.182242
-4.811380 0.186125
-4.784170 0.190890
-4.756960 0.197760
-4.729750 0.208777
-4.702540 0.225240
-4.675330 0.246394
-4.648110 0.271409
-4.620900 0.308070
-4.593690 0.372019
-4.566480 0.432774
-4.539270 0.440037
-4.512060 0.431630
-4.484850 0.436058
-4.457630 0.438075
-4.430420 0.429786
-4.403210 0.420213
-4.376000 0.415760
-4.348790 0.409586
-4.321580 0.387060
-4.294370 0.344785
-4.267150 0.304989
-4.239940 0.283082
-4.212730 0.278651
-4.185520 0.281451
-4.158310 0.276616
-4.131100 0.262218
-4.103890 0.256596
-4.076670 0.288679
-4.049460 0.362646
-4.022250 0.430951
-3.995040 0.452835
-3.967830 0.437956
-3.940620 0.417114
-3.913410 0.403447
-3.886200 0.399971
-3.858980 0.410542
-3.831770 0.441369
-3.804560 0.488660
-3.777350 0.529497
-3.750140 0.536957
-3.722930 0.504663
-3.695720 0.457280
-3.668500 0.411894
-3.641290 0.366451
-3.614080 0.323453
-3.586870 0.286710
-3.559660 0.255632
-3.532450 0.228945
-3.505240 0.205330
-3.478020 0.183235
-3.450810 0.161302
-3.423600 0.138943
-3.396390 0.116554
-3.369180 0.095088
-3.341970 0.075058
-3.314760 0.056895
-3.287540 0.041302
-3.260330 0.029455
-3.233120 0.022443
-3.205910 0.019571
-3.178700 0.019075
-3.151490 0.019625
-3.124280 0.020763
-3.097060 0.022527
-3.069850 0.025043
-3.042640 0.028450
-3.015430 0.032725
-2.988220 0.037484
-2.961010 0.042219
-2.933800 0.046626
-2.906580 0.050820
-2.879370 0.055287
-2.852160 0.060278
-2.824950 0.065617
-2.797740 0.070994
-2.770530 0.076142
-2.743320 0.080922
-2.716100 0.085483
-2.688890 0.090117
-2.661680 0.094981
-2.634470 0.100095
-2.607260 0.105430
-2.580050 0.110963
-2.552840 0.116691
-2.525630 0.122705
-2.498410 0.129494
-2.471200 0.138160
-2.443990 0.149808
-2.416780 0.164670
-2.389570 0.181477
-2.362360 0.197927
-2.335150 0.213137
-2.307930 0.227835
-2.280720 0.242898
-2.253510 0.258891
-2.226300 0.275972
-2.199090 0.293962
-2.171880 0.322004
-2.144670 0.459269
-2.117450 1.043424
-2.090240 2.163457
-2.063030 3.167747
-2.035820 3.644094
-2.008610 3.710397
-1.981400 3.535117
-1.954190 3.215289
-1.926970 2.875213
-1.899760 2.626608
-1.872550 2.521370
-1.845340 2.584657
-1.818130 2.831061
-1.790920 3.149182
-1.763710 3.548497
-1.736490 4.505372
-1.709280 6.065409
-1.682070 7.255097
-1.654860 6.726820
-1.627650 5.026305
-1.600440 4.012043
-1.573230 3.903343
-1.546010 4.165527
-1.518800 4.647462
-1.491590 4.959809
-1.464380 4.857664
-1.437170 4.816335
-1.409960 5.331142
-1.382750 6.280308
-1.355530 7.113373
-1.328320 7.342852
-1.301110 6.973344
-1.273900 7.019317
-1.246690 7.972147
-1.219480 8.576589
-1.192270 7.402497
-1.165060 5.755711
-1.137840 5.264542
-1.110630 5.944286
-1.083420 6.787947
-1.056210 7.053297
-1.029000 6.761761
-1.001790 6.279592
-0.974580 5.837209
-0.947360 5.570239
-0.920150 5.468062
-0.892940 5.449980
-0.865730 5.426864
-0.838520 5.204479
-0.811310 4.873168
-0.784100 4.528090
-0.756880 3.863464
-0.729670 2.785442
-0.702460 1.849541
-0.675250 1.314599
-0.648040 1.014988
-0.620830 0.839047
-0.593620 0.755203
-0.566400 0.725816
-0.539190 0.715562
-0.511980 0.710339
-0.484770 0.708191
-0.457560 0.709532
-0.430350 0.715064
-0.403140 0.726685
-0.375930 0.749801
-0.348710 0.790857
-0.321500 0.851255
-0.294290 0.931887
-0.267080 1.034204
-0.239870 1.159531
-0.212660 1.334102
-0.185450 1.584859
-0.158230 1.819012
-0.131020 1.820209
-0.103810 1.584394
-0.076600 1.436753
-0.049390 1.419272
-0.022180 1.121336
0.005030 0.496112
0.032250 0.097595
0.059460 0.007445
0.086670 0.000000
0.113880 0.000000
0.141090 0.000000
0.168300 0.000000
0.195510 0.000000
0.222730 0.000000
0.249940 0.000000
0.277150 0.000000
0.304360 0.000000
0.331570 0.000000
0.358780 0.000000
0.385990 0.000000
0.413210 0.000000
0.440420 0.000000
0.467630 0.000000
0.494840 0.000000
0.522050 0.000000
0.549260 0.000000
0.576470 0.000000
0.603690 0.000000
0.630900 0.000000
0.658110 0.000000
0.685320 0.000000
0.712530 0.000000
0.739740 0.000000
0.766950 0.000000
0.794170 0.000000
0.821380 0.000000
0.848590 0.000000
0.875800 0.000000
0.903010 0.000000
0.930220 0.000000
0.957430 0.000000
0.984650 0.000000
1.011860 0.000000
1.039070 0.000000
1.066280 0.000000
1.093490 0.000000
1.120700 0.000000
1.147910 0.000000
1.175120 0.000000
1.202340 0.000004
1.229550 0.000069
1.256760 0.000499
1.283970 0.001956
1.311180 0.004859
1.338390 0.008873
1.365600 0.013498
1.392820 0.018408
1.420030 0.023281
1.447240 0.027358
1.474450 0.029386
1.501660 0.029359
1.528870 0.028986
1.556090 0.029152
1.583300 0.029720
1.610510 0.030425
1.637720 0.031107
1.664930 0.031752
1.692140 0.032399
1.719350 0.033059
1.746560 0.033701
1.773780 0.034294
1.800990 0.034827
1.828200 0.035302
1.855410 0.035727
1.882620 0.036084
1.909830 0.036335
1.937040 0.036477
1.964260 0.036546
1.991470 0.036571
2.018680 0.036562
2.045890 0.036536
2.073100 0.036533
2.100310 0.036584
2.127520 0.036705
2.154730 0.036899
2.181950 0.037142
2.209160 0.037405
2.236370 0.037676
2.263580 0.037953
2.290790 0.038239
2.318000 0.038535
2.345220 0.038842
2.372430 0.039157
2.399640 0.039478
2.426850 0.039803
2.454060 0.040132
2.481270 0.040464
2.508480 0.040803
2.535690 0.041162
2.562910 0.041601
2.590120 0.042174
2.617330 0.042838
2.644540 0.043527
2.671750 0.044228
2.698960 0.044958
2.726170 0.045725
2.753390 0.046526
2.780600 0.047355
2.807810 0.048211
2.835020 0.049101
2.862230 0.050030
2.889440 0.050997
2.916650 0.052003
2.943870 0.053048
2.971080 0.054132
2.998290 0.055252
3.025500 0.056412
3.052710 0.057619
3.079920 0.058890
3.107130 0.060299
3.134350 0.062309
3.161560 0.066279
3.188770 0.073252
3.215980 0.081615
3.243190 0.089116
3.270400 0.096131
3.297610 0.104071
3.324830 0.113276
3.352040 0.123766
3.379250 0.136634
3.406460 0.153653
3.433670 0.171979
3.460880 0.183275
3.488090 0.186226
3.515300 0.186024
3.542520 0.185732
3.569730 0.186052
3.596940 0.187816
3.624150 0.191455
3.651360 0.196469
3.678570 0.202260
3.705790 0.208429
3.733000 0.215002
3.760210 0.222466
3.787420 0.231798
3.814630 0.245094
3.841840 0.264323
3.869050 0.288906
3.896260 0.316049
3.923480 0.335183
3.950690 0.317977
3.977900 0.253067
4.005110 0.177692
4.032320 0.122597
4.059530 0.088100
4.086740 0.067310
4.113960 0.055338
4.141170 0.048909
4.168380 0.045742
4.195590 0.044940
4.222800 0.047107
4.250010 0.053616
4.277220 0.066267
4.304430 0.083069
4.331650 0.097352
4.358860 0.107690
4.386070 0.118557
4.413280 0.134737
4.440490 0.155921
4.467700 0.171337
4.494920 0.169207
4.522130 0.155374
4.549340 0.141607
4.576550 0.130919
4.603760 0.123806
4.630970 0.121082
4.658180 0.119693
4.685390 0.115998
4.712610 0.109932
4.739820 0.104609
4.767030 0.101944
4.794240 0.101017
4.821450 0.100579
4.848660 0.100298
4.875870 0.099338
4.903090 0.096777
4.930300 0.094299
4.957510 0.094151
4.984720 0.096429
5.011930 0.099522
5.039140 0.101781
5.066350 0.103225
5.093570 0.104014
5.120780 0.103078
5.147990 0.099887
5.175200 0.096069
5.202410 0.093698
5.229620 0.093423
5.256830 0.094731
5.284050 0.096716
5.311260 0.098729
5.338470 0.100275
5.365680 0.100654
5.392890 0.099626
5.420100 0.098310
5.447310 0.097861
5.474530 0.096327
5.501740 0.091067
5.528950 0.083729
5.556160 0.076761
5.583370 0.070713
5.610580 0.065768
5.637790 0.061077
5.665000 0.052577
5.692220 0.039717
5.719430 0.031047
5.746640 0.027392
5.773850 0.024534
5.801060 0.021450
5.828270 0.018870
5.855490 0.017172
5.882700 0.016599
5.909910 0.016945
5.937120 0.018019
5.964330 0.020055
5.991540 0.023208
6.018750 0.027377
6.045960 0.032247
6.073180 0.037317
6.100390 0.042147
6.127600 0.046788
6.154810 0.052069
6.182020 0.060146
6.209230 0.074275
6.236440 0.086991
6.263660 0.083526
6.290870 0.069849
6.318080 0.056899
6.345290 0.048095
6.372500 0.044096
6.399710 0.044103
6.426920 0.046745
6.454140 0.050950
6.481350 0.055974
6.508560 0.060379
6.535770 0.062442
6.562980 0.062248
6.590190 0.061063
6.617400 0.059952
6.644620 0.059395
6.671830 0.058476
6.699040 0.056011
6.726250 0.053197
6.753460 0.051576
6.780670 0.050644
6.807880 0.049530
6.835100 0.048288
6.862310 0.047165
6.889520 0.046206
6.916730 0.045373
6.943940 0.044562
6.971150 0.043647
6.998360 0.042587
7.025570 0.041415
7.052790 0.040178
7.080000 0.038910
7.107210 0.037640
7.134420 0.036393
7.161630 0.035286
7.188840 0.034705
7.216060 0.034592
7.243270 0.033599
7.270480 0.031225
7.297690 0.028780
7.324900 0.026736
7.352110 0.024896
7.379320 0.023405
7.406530 0.022262
7.433750 0.021120
7.460960 0.019875
7.488170 0.018633
7.515380 0.017490
7.542590 0.016607
7.569800 0.016004
7.597010 0.015267
7.624230 0.014149
7.651440 0.013264
7.678650 0.014085
7.705860 0.018159
7.733070 0.023875
7.760280 0.026741
7.787490 0.026459
7.814700 0.026142
7.841920 0.026784
7.869130 0.027578
7.896340 0.027713
7.923550 0.027260
7.950760 0.027066
7.977970 0.027313
8.005190 0.027755
8.032400 0.028319
8.059610 0.028980
8.086820 0.029665
8.114030 0.030303
8.141240 0.030865
8.168450 0.031361
8.195660 0.031820
8.222880 0.032270
8.250090 0.032704
8.277300 0.033010
8.304510 0.032958
8.331720 0.032473
8.358930 0.031920
8.386140 0.031705
8.413360 0.031829
8.440570 0.032183
8.467780 0.032758
8.494990 0.033520
8.522200 0.034318
8.549410 0.035049
8.576620 0.035753
8.603840 0.036571
8.631050 0.037605
8.658260 0.038898
8.685470 0.040632
8.712680 0.042654
8.739890 0.044482
8.767100 0.045667
8.794320 0.045822
8.821530 0.045438
8.848740 0.045238
8.875950 0.045452
8.903160 0.045593
8.930370 0.045243
8.957580 0.044164
8.984800 0.042242
9.012010 0.040048
9.039220 0.038289
9.066430 0.037047
9.093640 0.036099
9.120850 0.035354
9.148060 0.034852
9.175270 0.034579
9.202490 0.034490
9.229700 0.034589
9.256910 0.034859
9.284120 0.035178
9.311330 0.035405
9.338540 0.035531
9.365760 0.035784
9.392970 0.036459
9.420180 0.037478
9.447390 0.038449
9.474600 0.039094
9.501810 0.039410
9.529020 0.039507
9.556230 0.039471
9.583450 0.039446
9.610660 0.039802
9.637870 0.040842
9.665080 0.042382
9.692290 0.044163
9.719500 0.046204
9.746710 0.048679
9.773930 0.052044
9.801140 0.056128
9.828350 0.058650
9.855560 0.058396
9.882770 0.057180
9.909980 0.055621
9.937190 0.053831
9.964410 0.051829
9.991620 0.049560
10.018830 0.047358
10.046040 0.045579
10.073250 0.044047
10.100460 0.041761
10.127670 0.038469
10.154890 0.035098
10.182100 0.032298
10.209310 0.030262
10.236520 0.028958
10.263730 0.028174
10.290940 0.027683
10.318150 0.027344
10.345370 0.027134
10.372580 0.027076
10.399790 0.027092
10.427000 0.026879
10.454210 0.026349
10.481420 0.025964
10.508630 0.025902
10.535840 0.026014
10.563060 0.026250
10.590270 0.026877
10.617480 0.028632
10.644690 0.031641
10.671900 0.034496
10.699110 0.036120
10.726330 0.036654
10.753540 0.036680
10.780750 0.036593
10.807960 0.036537
10.835170 0.036532
10.862380 0.036576
10.889590 0.036800
10.916800 0.037322
10.944020 0.037930
10.971230 0.038491
10.998440 0.039299
11.025650 0.040756
11.052860 0.042707
11.080070 0.044251
11.107290 0.043592
11.134500 0.040055
11.161710 0.036138
11.188920 0.033309
11.216130 0.031248
11.243340 0.029694
11.270550 0.028467
11.297760 0.027360
11.324980 0.026238
11.352190 0.025076
11.379400 0.023910
11.406610 0.022809
11.433820 0.021849
11.461030 0.021055
11.488250 0.020411
11.515460 0.019913
11.542670 0.019549
11.569880 0.019290
11.597090 0.019118
11.624300 0.019018
11.651510 0.018943
11.678720 0.018848
11.705930 0.018723
11.733150 0.018546
11.760360 0.018355
11.787570 0.018408
11.814780 0.018942
11.841990 0.019797
11.869200 0.019841
11.896410 0.017710
11.923630 0.014748
11.950840 0.012969
11.978050 0.012399
12.005260 0.012382
12.032470 0.012694
12.059680 0.013578
12.086890 0.015603
12.114110 0.019360
12.141320 0.025557
12.168530 0.034566
12.195740 0.045637
12.222950 0.056771
12.250160 0.064613
12.277370 0.068103
12.304590 0.069738
12.331800 0.071621
12.359010 0.075109
12.386220 0.080182
12.413430 0.084219
12.440640 0.084714
12.467850 0.082389
12.495070 0.079476
12.522280 0.076608
12.549490 0.073021
12.576700 0.068313
12.603910 0.062652
12.631120 0.056290
12.658330 0.049930
12.685540 0.044816
12.712760 0.041517
12.739970 0.039355
12.767180 0.037617
12.794390 0.036050
12.821600 0.034636
12.848810 0.033495
12.876030 0.032608
12.903240 0.031906
12.930450 0.031434
12.957660 0.031185
12.984870 0.031194
13.012080 0.031754
13.039290 0.033034
13.066500 0.034777
13.093720 0.036604
13.120930 0.037748
13.148140 0.038001
13.175350 0.037983
13.202560 0.038094
13.229770 0.038382
13.256990 0.038604
13.284200 0.038425
13.311410 0.038086
13.338620 0.038133
13.365830 0.038562
13.393040 0.039024
13.420250 0.039402
13.447460 0.039729
13.474680 0.040079
13.501890 0.040633
13.529100 0.041318
13.556310 0.041688
13.583520 0.041694
13.610730 0.041427
13.637950 0.040954
13.665160 0.040449
13.692370 0.039926
13.719580 0.039240
13.746790 0.038336
13.774000 0.037332
13.801210 0.036300
13.828420 0.035259
13.855640 0.034234
13.882850 0.033235
13.910060 0.032268
13.937270 0.031353
13.964480 0.030504
13.991690 0.029734
14.018900 0.029072
14.046110 0.028535
14.073330 0.028093
14.100540 0.027680
14.127750 0.027255
14.154960 0.026821
14.182170 0.026395
14.209380 0.025989
14.236600 0.025595
14.263810 0.025195
14.291020 0.024785
14.318230 0.024391
14.345440 0.023997
14.372650 0.023475
14.399860 0.022715
14.427070 0.021895
14.454290 0.021247
14.481500 0.020744
14.508710 0.020292
14.535920 0.019876
14.563130 0.019437
14.590340 0.018140
14.617560 0.013369

#atom-projector:2:p
-12.566630 0.000000
-12.539420 0.000000
-12.512210 0.000000
-12.485000 0.000000
-12.457780 0.000000
-12.430570 0.000000
-12.403360 0.000000
-12.376150 0.000000
-12.348940 0.000000
-12.321730 0.000000
-12.294520 0.000000
-12.267310 0.000000
-12.240090 0.000000
-12.212880 0.000000
-12.185670 0.000000
-12.158460 0.000000
-12.131250 0.000000
-12.104040 0.000000
-12.076830 0.000000
-12.049610 0.000000
-12.022400 0.000000
-11.995190 0.000000
-11.967980 0.000000
-11.940770 0.000000
-11.913560 0.000000
-11.886350 0.000000
-11.859130 0.000000
-11.831920 0.000000
-11.804710 0.000000
-11.777500 0.000000
-11.750290 0.000000
-11.723080 0.000000
-11.695870 0.000000
-11.668650 0.000000
-11.641440 0.000000
-11.614230 0.000000
-11.587020 0.000000
-11.559810 0.000000
-11.532600 0.000000
-11.505390 0.000000
-11.478170 0.000000
-11.450960 0.000000
-11.423750 0.000000
-11.396540 0.000000
-11.369330 0.000000
-11.342120 0.000000
-11.314910 0.000000
-11.287690 0.000000
-11.260480 0.000000
-11.233270 0.000000
-11.206060 0.000000
-11.178850 0.000000
-11.151640 0.000000
-11.124430 0.000000
-11.097210 0.000000
-11.070000 0.000000
-11.042790 0.000000
-11.015580 0.000000
-10.988370 0.000000
-10.961160 0.000000
-10.933950 0.000000
-10.906740 0.000000
-10.879520 0.000000
-10.852310 0.000000
-10.825100 0.000000
-10.797890 0.000000
-10.770680 0.000000
-10.743470 0.000000
-10.716260 0.000000
-10.689040 0.000000
-10.661830 0.000000
-10.634620 0.000000
-10.607410 0.000000
-10.580200 0.000000
-10.552990 0.000000
-10.525780 0.000000
-10.498560 0.000000
-10.471350 0.000000
-10.444140 0.000000
-10.416930 0.000000
-10.389720 0.000000
-10.362510 0.000000
-10.335300 0.000000
-10.308080 0.000000
-10.280870 0.000000
-10.253660 0.000000
-10.226450 0.000000
-10.199240 0.000000
-10.172030 0.000000
-10.144820 0.000000
-10.117610 0.000000
-10.090390 0.000000
-10.063180 0.000000
-10.035970 0.000000
-10.008760 0.000000
-9.981550 0.000000
-9.954340 0.000000
-9.927120 0.000000
-9.899910 0.000000
-9.872700 0.000000
-9.845490 0.000000
-9.818280 0.000000
-9.791070 0.000000
-9.763860 0.000000
-9.736650 0.000000
-9.709430 0.000000
-9.682220 0.000000
-9.655010 0.000000
-9.627800 0.000000
-9.600590 0.000000
-9.573380 0.000000
-9.546170 0.000000
-9.518950 0.000000
-9.491740 0.000000
-9.464530 0.000000
-9.437320 0.000000
-9.410110 0.000000
-9.382900 0.000000
-9.355690 0.000000
-9.328470 0.000000
-9.301260 0.000000
-9.274050 0.000000
-9.246840 0.000000
-9.219630 0.000000
-9.192420 0.000000
-9.165210 0.000000
-9.137990 0.000000
-9.110780 0.000000
-9.083570 0.000000
-9.056360 0.000000
-9.029150 0.000000
-9.001940 0.000000
-8.974730 0.000000
-8.947510 0.000000
-8.920300 0.000000
-8.893090 0.000000
-8.865880 0.000000
-8.838670 0.000000
-8.811460 0.000000
-8.784250 0.000000
-8.757040 0.000000
-8.729820 0.000000
-8.702610 0.000000
-8.675400 0.000000
-8.648190 0.000000
-8.620980 0.000000
-8.593770 0.000000
-8.566560 0.000000
-8.539340 0.000000
-8.512130 0.000000
-8.484920 0.000000
-8.457710 0.000000
-8.430500 0.000000
-8.403290 0.000000
-8.376070 0.000000
-8.348860 0.000000
-8.321650 0.000000
-8.294440 0.000000
-8.267230 0.000000
-8.240020 0.000000
-8.212810 0.000000
-8.185600 0.000725
-8.158380 0.011870
-8.131170 0.081258
-8.103960 0.294744
-8.076750 0.660359
-8.049540 1.101629
-8.022330 1.644977
-7.995120 2.314677
-7.967900 2.879480
-7.940690 2.849848
-7.913480 2.146904
-7.886270 1.458787
-7.859060 1.092025
-7.831850 0.895175
-7.804640 0.767680
-7.777420 0.670828
-7.750210 0.590271
-7.723000 0.527193
-7.695790 0.480499
-7.668580 0.444010
-7.641370 0.411225
-7.614160 0.378926
-7.586940 0.346650
-7.559730 0.317459
-7.532520 0.299991
-7.505310 0.301898
-7.478100 0.322634
-7.450890 0.354404
-7.423680 0.384577
-7.396470 0.402704
-7.369250 0.411208
-7.342040 0.418203
-7.314830 0.428112
-7.287620 0.441597
-7.260410 0.458263
-7.233200 0.478932
-7.205990 0.505949
-7.178770 0.541601
-7.151560 0.586954
-7.124350 0.638950
-7.097140 0.685564
-7.069930 0.712443
-7.042720 0.719743
-7.015510 0.729396
-6.988290 0.757612
-6.961080 0.793972
-6.933870 0.820737
-6.906660 0.832532
-6.879450 0.837930
-6.852240 0.836761
-6.825030 0.827607
-6.797810 0.809298
-6.770600 0.773222
-6.743390 0.686934
-6.716180 0.554253
-6.688970 0.468185
-6.661760 0.437071
-6.634550 0.416085
-6.607330 0.394189
-6.580120 0.374648
-6.552910 0.362006
-6.525700 0.377044
-6.498490 0.471838
-6.471280 0.660140
-6.444070 0.825870
-6.416850 0.865830
-6.389640 0.832229
-6.362430 0.790194
-6.335220 0.759131
-6.308010 0.745157
-6.280800 0.749747
-6.253590 0.764609
-6.226380 0.771814
-6.199160 0.763726
-6.171950 0.753016
-6.144740 0.744683
-6.117530 0.736017
-6.090320 0.729732
-6.063110 0.730000
-6.035900 0.736286
-6.008680 0.746584
-5.981470 0.759475
-5.954260 0.776083
-5.927050 0.808648
-5.899840 0.871661
-5.872630 0.930778
-5.845420 0.937535
-5.818200 0.942328
-5.790990 0.987761
-5.763780 1.033391
-5.736570 1.042302
-5.709360 1.019709
-5.682150 0.993581
-5.654940 0.996777
-5.627720 1.053567
-5.600510 1.192148
-5.573300 1.392619
-5.546090 1.558027
-5.518880 1.654138
-5.491670 1.709830
-5.464460 1.748957
-5.437240 1.776457
-5.410030 1.789994
-5.382820 1.787826
-5.355610 1.776534
-5.328400 1.762982
-5.301190 1.740811
-5.273980 1.706119
-5.246760 1.656435
-5.219550 1.597252
-5.192340 1.535447
-5.165130 1.458752
-5.137920 1.368142
-5.110710 1.275078
-5.083500 1.192542
-5.056280 1.135543
-5.029070 1.109098
-5.001860 1.104601
-4.974650 1.106144
-4.947440 1.104795
-4.920230 1.099292
-4.893020 1.092318
-4.865810 1.088753
-4.838590 1.089902
-4.811380 1.092835
-4.784170 1.097212
-4.756960 1.109295
-4.729750 1.137392
-4.702540 1.186064
-4.675330 1.252358
-4.648110 1.331336
-4.620900 1.441259
-4.593690 1.621594
-4.566480 1.782841
-4.539270 1.790308
-4.512060 1.768203
-4.484850 1.799354
-4.457630 1.831356
-4.430420 1.839842
-4.403210 1.854271
-4.376000 1.888723
-4.348790 1.913988
-4.321580 1.872460
-4.294370 1.748266
-4.267150 1.625715
-4.239940 1.585869
-4.212730 1.653500
-4.185520 1.765904
-4.158310 1.811792
-4.131100 1.760516
-4.103890 1.711856
-4.076670 1.795652
-4.049460 2.023814
-4.022250 2.243154
-3.995040 2.311844
-3.967830 2.198955
-3.940620 1.996598
-3.913410 1.822883
-3.886200 1.724293
-3.858980 1.699765
-3.831770 1.746313
-3.804560 1.829177
-3.777350 1.850780
-3.750140 1.763491
-3.722930 1.657575
-3.695720 1.602576
-3.668500 1.557350
-3.641290 1.476487
-3.614080 1.383321
-3.586870 1.305539
-3.559660 1.246579
-3.532450 1.206382
-3.505240 1.184135
-3.478020 1.171210
-3.450810 1.151752
-3.423600 1.112644
-3.396390 1.048355
-3.369180 0.965464
-3.341970 0.868069
-3.314760 0.747491
-3.287540 0.578475
-3.260330 0.365243
-3.233120 0.178843
-3.205910 0.070092
-3.178700 0.031986
-3.151490 0.026572
-3.124280 0.027725
-3.097060 0.029349
-3.069850 0.030894
-3.042640 0.032321
-3.015430 0.033569
-2.988220 0.034547
-2.961010 0.035191
-2.933800 0.035541
-2.906580 0.035905
-2.879370 0.036704
-2.852160 0.037973
-2.824950 0.039556
-2.797740 0.041361
-2.770530 0.043262
-2.743320 0.045031
-2.716100 0.046512
-2.688890 0.047706
-2.661680 0.048671
-2.634470 0.049451
-2.607260 0.050074
-2.580050 0.050550
-2.552840 0.050882
-2.525630 0.051113
-2.498410 0.051469
-2.471200 0.052419
-2.443990 0.054255
-2.416780 0.056680
-2.389570 0.058994
-2.362360 0.060573
-2.335150 0.061364
-2.307930 0.061662
-2.280720 0.061702
-2.253510 0.061592
-2.226300 0.061317
-2.199090 0.060791
-2.171880 0.059993
-2.144670 0.059421
-2.117450 0.061793
-2.090240 0.072842
-2.063030 0.094325
-2.035820 0.117113
-2.008610 0.130042
-1.981400 0.128700
-1.954190 0.115439
-1.926970 0.098951
-1.899760 0.086396
-1.872550 0.079354
-1.845340 0.077641
-1.818130 0.081699
-1.790920 0.085017
-1.763710 0.080063
-1.736490 0.075922
-1.709280 0.072780
-1.682070 0.061926
-1.654860 0.047844
-1.627650 0.040587
-1.600440 0.040995
-1.573230 0.045252
-1.546010 0.050876
-1.518800 0.056413
-1.491590 0.059098
-1.464380 0.058652
-1.437170 0.063870
-1.409960 0.087359
-1.382750 0.127081
-1.355530 0.164582
-1.328320 0.187255
-1.301110 0.199118
-1.273900 0.237278
-1.246690 0.330486
-1.219480 0.418617
-1.192270 0.404687
-1.165060 0.344389
-1.137840 0.349799
-1.110630 0.458497
-1.083420 0.606411
-1.056210 0.712705
-1.029000 0.759931
-1.001790 0.776776
-0.974580 0.789683
-0.947360 0.820116
-0.920150 0.868564
-0.892940 0.927914
-0.865730 0.984412
-0.838520 1.001242
-0.811310 0.997415
-0.784100 0.983604
-0.756880 0.870885
-0.729670 0.629215
-0.702460 0.405166
-0.675250 0.271600
-0.648040 0.190021
-0.620830 0.136251
-0.593620 0.106877
-0.566400 0.093784
-0.539190 0.087119
-0.511980 0.082464
-0.484770 0.078912
-0.457560 0.076303
-0.430350 0.074517
-0.403140 0.073505
-0.375930 0.073482
-0.348710 0.074934
-0.321500 0.078385
-0.294290 0.084516
-0.267080 0.093753
-0.239870 0.105906
-0.212660 0.122630
-0.185450 0.146620
-0.158230 0.171378
-0.131020 0.177069
-0.103810 0.160948
-0.076600 0.154894
-0.049390 0.163540
-0.022180 0.135582
0.005030 0.061494
0.032250 0.012229
0.059460 0.000939
0.086670 0.000000
0.113880 0.000000
0.141090 0.000000
0.168300 0.000000
0.195510 0.000000
0.222730 0.000000
0.249940 0.000000
0.277150 0.000000
0.304360 0.000000
0.331570 0.000000
0.358780 0.000000
0.385990 0.000000
0.413210 0.000000
0.440420 0.000000
0.467630 0.000000
0.494840 0.000000
0.522050 0.000000
0.549260 0.000000
0.576470 0.000000
0.603690 0.000000
0.630900 0.000000
0.658110 0.000000
0.685320 0.000000
0.712530 0.000000
0.739740 0.000000
0.766950 0.000000
0.794170 0.000000
0.821380 0.000000
0.848590 0.000000
0.875800 0.000000
0.903010 0.000000
0.930220 0.000000
0.957430 0.000000
0.984650 0.000000
1.011860 0.000000
1.039070 0.000000
1.066280 0.000000
1.093490 0.000000
1.120700 0.000000
1.147910 0.000000
1.175120 0.000000
1.202340 0.000000
1.229550 0.000003
1.256760 0.000023
1.283970 0.000112
1.311180 0.000346
1.338390 0.000787
1.365600 0.001470
1.392820 0.002407
1.420030 0.003579
1.447240 0.004857
1.474450 0.005959
1.501660 0.006765
1.528870 0.007511
1.556090 0.008367
1.583300 0.009343
1.610510 0.010401
1.637720 0.011508
1.664930 0.012668
1.692140 0.013909
1.719350 0.015261
1.746560 0.016744
1.773780 0.018359
1.800990 0.020053
1.828200 0.021758
1.855410 0.023446
1.882620 0.025094
1.909830 0.026666
1.937040 0.028140
1.964260 0.029508
1.991470 0.030750
2.018680 0.031824
2.045890 0.032693
2.073100 0.033309
2.100310 0.033596
2.127520 0.033772
2.154730 0.034322
2.181950 0.035215
2.209160 0.036201
2.236370 0.037200
2.263580 0.038205
2.290790 0.039219
2.318000 0.040244
2.345220 0.041282
2.372430 0.042330
2.399640 0.043386
2.426850 0.044448
2.454060 0.045517
2.481270 0.046592
2.508480 0.047676
2.535690 0.048780
2.562910 0.049952
2.590120 0.051239
2.617330 0.052602
2.644540 0.053982
2.671750 0.055368
2.698960 0.056770
2.726170 0.058193
2.753390 0.059637
2.780600 0.061100
2.807810 0.062587
2.835020 0.064105
2.862230 0.065661
2.889440 0.067260
2.916650 0.068902
2.943870 0.070591
2.971080 0.072329
2.998290 0.074114
3.025500 0.075940
3.052710 0.077812
3.079920 0.079747
3.107130 0.081799
3.134350 0.084248
3.161560 0.087822
3.188770 0.093130
3.215980 0.099598
3.243190 0.106250
3.270400 0.113228
3.297610 0.121174
3.324830 0.130168
3.352040 0.140255
3.379250 0.152522
3.406460 0.168494
3.433670 0.185813
3.460880 0.198064
3.488090 0.204725
3.515300 0.209587
3.542520 0.214248
3.569730 0.218980
3.596940 0.224636
3.624150 0.231785
3.651360 0.239953
3.678570 0.248496
3.705790 0.257348
3.733000 0.266994
3.760210 0.277870
3.787420 0.290553
3.814630 0.307149
3.841840 0.329614
3.869050 0.355681
3.896260 0.379818
3.923480 0.391977
3.950690 0.365971
3.977900 0.290944
4.005110 0.207492
4.032320 0.147651
4.059530 0.110202
4.086740 0.087212
4.113960 0.073229
4.141170 0.065042
4.168380 0.060590
4.195590 0.058595
4.222800 0.059139
4.250010 0.063297
4.277220 0.072682
4.304430 0.086051
4.331650 0.098353
4.358860 0.108308
4.386070 0.119023
4.413280 0.133808
4.440490 0.152593
4.467700 0.168300
4.494920 0.172964
4.522130 0.170051
4.549340 0.166815
4.576550 0.164897
4.603760 0.165142
4.630970 0.169136
4.658180 0.175058
4.685390 0.180074
4.712610 0.183980
4.739820 0.189484
4.767030 0.198676
4.794240 0.211333
4.821450 0.226761
4.848660 0.244287
4.875870 0.260752
4.903090 0.272828
4.930300 0.283887
4.957510 0.299109
4.984720 0.318806
5.011930 0.338495
5.039140 0.353564
5.066350 0.365256
5.093570 0.376425
5.120780 0.385978
5.147990 0.391993
5.175200 0.396350
5.202410 0.403004
5.229620 0.414723
5.256830 0.432226
5.284050 0.455241
5.311260 0.485258
5.338470 0.520134
5.365680 0.551073
5.392890 0.574122
5.420100 0.594734
5.447310 0.620331
5.474530 0.641263
5.501740 0.640261
5.528950 0.624324
5.556160 0.605837
5.583370 0.588387
5.610580 0.580059
5.637790 0.574351
5.665000 0.549558
5.692220 0.509230
5.719430 0.475099
5.746640 0.418676
5.773850 0.300665
5.801060 0.157691
5.828270 0.074171
5.855490 0.049048
5.882700 0.043181
5.909910 0.042028
5.937120 0.042970
5.964330 0.046236
5.991540 0.052145
6.018750 0.060601
6.045960 0.071149
6.073180 0.083024
6.100390 0.095567
6.127600 0.108771
6.154810 0.123698
6.182020 0.144268
6.209230 0.177545
6.236440 0.207366
6.263660 0.201484
6.290870 0.173528
6.318080 0.148197
6.345290 0.135903
6.372500 0.140147
6.399710 0.154495
6.426920 0.170490
6.454140 0.183963
6.481350 0.193309
6.508560 0.196506
6.535770 0.192243
6.562980 0.183300
6.590190 0.173535
6.617400 0.165041
6.644620 0.158252
6.671830 0.151621
6.699040 0.143897
6.726250 0.137039
6.753460 0.132775
6.780670 0.130169
6.807880 0.127887
6.835100 0.125681
6.862310 0.123652
6.889520 0.121721
6.916730 0.119698
6.943940 0.117333
6.971150 0.114491
6.998360 0.111321
7.025570 0.108029
7.052790 0.104731
7.080000 0.101482
7.107210 0.098323
7.134420 0.095305
7.161630 0.092687
7.188840 0.091345
7.216060 0.091454
7.243270 0.089840
7.270480 0.084487
7.297690 0.078705
7.324900 0.074032
7.352110 0.069778
7.379320 0.066059
7.406530 0.063120
7.433750 0.060557
7.460960 0.058111
7.488170 0.055852
7.515380 0.053960
7.542590 0.052898
7.569800 0.052839
7.597010 0.052331
7.624230 0.050294
7.651440 0.049656
7.678650 0.056593
7.705860 0.076606
7.733070 0.103016
7.760280 0.117802
7.787490 0.118517
7.814700 0.117693
7.841920 0.120830
7.869130 0.124137
7.896340 0.122885
7.923550 0.117834
7.950760 0.114508
7.977970 0.113917
8.005190 0.114252
8.032400 0.114800
8.059610 0.115319
8.086820 0.115693
8.114030 0.115957
8.141240 0.116142
8.168450 0.116348
8.195660 0.116793
8.222880 0.117733
8.250090 0.119330
8.277300 0.121254
8.304510 0.121997
8.331720 0.120140
8.358930 0.117462
8.386140 0.116995
8.413360 0.119126
8.440570 0.123092
8.467780 0.128242
8.494990 0.133952
8.522200 0.139993
8.549410 0.146476
8.576620 0.153989
8.603840 0.164245
8.631050 0.178158
8.658260 0.194382
8.685470 0.212645
8.712680 0.231441
8.739890 0.247349
8.767100 0.256244
8.794320 0.256545
8.821530 0.255025
8.848740 0.256898
8.875950 0.262198
8.903160 0.266863
8.930370 0.268042
8.957580 0.264999
8.984800 0.257509
9.012010 0.248874
9.039220 0.242726
9.066430 0.239004
9.093640 0.236426
9.120850 0.234714
9.148060 0.234227
9.175270 0.235059
9.202490 0.237204
9.229700 0.240953
9.256910 0.246148
9.284120 0.251611
9.311330 0.256263
9.338540 0.260884
9.365760 0.268142
9.392970 0.278194
9.420180 0.287250
9.447390 0.293729
9.474600 0.298281
9.501810 0.300540
9.529020 0.299197
9.556230 0.294504
9.583450 0.289395
9.610660 0.287506
9.637870 0.290854
9.665080 0.298043
9.692290 0.306492
9.719500 0.314866
9.746710 0.323565
9.773930 0.336060
9.801140 0.349830
9.828350 0.350087
9.855560 0.338671
9.882770 0.337194
9.909980 0.347506
9.937190 0.359187
9.964410 0.363424
9.991620 0.360750
10.018830 0.359224
10.046040 0.365291
10.073250 0.379287
10.100460 0.392148
10.127670 0.391244
10.154890 0.370901
10.182100 0.340220
10.209310 0.312328
10.236520 0.291663
10.263730 0.276865
10.290940 0.265565
10.318150 0.255612
10.345370 0.246529
10.372580 0.238769
10.399790 0.231240
10.427000 0.219511
10.454210 0.202228
10.481420 0.187230
10.508630 0.178438
10.535840 0.173404
10.563060 0.170618
10.590270 0.172638
10.617480 0.187281
10.644690 0.216512
10.671900 0.246880
10.699110 0.267889
10.726330 0.280228
10.753540 0.288725
10.780750 0.297554
10.807960 0.308868
10.835170 0.322045
10.862380 0.333149
10.889590 0.339910
10.916800 0.344786
10.944020 0.348974
10.971230 0.353701
10.998440 0.362810
11.025650 0.380561
11.052860 0.405301
11.080070 0.426100
11.107290 0.420521
11.134500 0.380140
11.161710 0.334778
11.188920 0.302102
11.216130 0.278487
11.243340 0.260938
11.270550 0.247613
11.297760 0.236283
11.324980 0.225319
11.352190 0.214271
11.379400 0.203526
11.406610 0.193548
11.433820 0.184791
11.461030 0.177269
11.488250 0.170463
11.515460 0.164286
11.542670 0.158954
11.569880 0.154491
11.597090 0.150937
11.624300 0.148445
11.651510 0.147109
11.678720 0.146947
11.705930 0.148199
11.733150 0.151346
11.760360 0.157001
11.787570 0.166420
11.814780 0.178270
11.841990 0.184384
11.869200 0.174587
11.896410 0.148871
11.923630 0.124100
11.950840 0.111349
11.978050 0.107107
12.005260 0.106567
12.032470 0.108568
12.059680 0.114043
12.086890 0.124496
12.114110 0.139985
12.141320 0.159721
12.168530 0.183476
12.195740 0.210395
12.222950 0.238154
12.250160 0.257169
12.277370 0.259132
12.304590 0.252727
12.331800 0.241484
12.359010 0.224269
12.386220 0.208008
12.413430 0.196765
12.440640 0.187043
12.467850 0.176918
12.495070 0.167427
12.522280 0.159082
12.549490 0.151409
12.576700 0.143754
12.603910 0.135899
12.631120 0.127815
12.658330 0.119774
12.685540 0.112930
12.712760 0.108323
12.739970 0.105425
12.767180 0.103308
12.794390 0.101552
12.821600 0.100570
12.848810 0.101392
12.876030 0.104188
12.903240 0.108694
12.930450 0.114833
12.957660 0.122187
12.984870 0.130929
13.012080 0.142900
13.039290 0.158823
13.066500 0.176413
13.093720 0.193642
13.120930 0.206982
13.148140 0.215974
13.175350 0.223366
13.202560 0.229933
13.229770 0.235166
13.256990 0.234357
13.284200 0.221046
13.311410 0.199533
13.338620 0.181987
13.365830 0.172829
13.393040 0.167590
13.420250 0.163127
13.447460 0.159515
13.474680 0.156992
13.501890 0.155328
13.529100 0.152877
13.556310 0.147126
13.583520 0.139152
13.610730 0.131194
13.637950 0.123926
13.665160 0.117268
13.692370 0.110877
13.719580 0.104393
13.746790 0.097808
13.774000 0.091492
13.801210 0.085586
13.828420 0.080083
13.855640 0.074986
13.882850 0.070253
13.910060 0.065955
13.937270 0.062288
13.964480 0.059287
13.991690 0.056799
14.018900 0.054698
14.046110 0.052895
14.073330 0.051310
14.100540 0.049867
14.127750 0.048518
14.154960 0.047258
14.182170 0.046099
14.209380 0.045044
14.236600 0.044083
14.263810 0.043190
14.291020 0.042346
14.318230 0.041534
14.345440 0.040707
14.372650 0.039733
14.399860 0.038510
14.427070 0.037252
14.454290 0.036256
14.481500 0.035511
14.508710 0.034902
14.535920 0.034402
14.563130 0.033862
14.590340 0.031753
14.617560 0.023457

