# /home/minyez/Documents/SelfDevelopment/codes/mushroom/scripts/m_gap_degw -e CuAlO2.eqpeV_GW0 -o degw-gw0.dat
#unit:eV nbands:33 nkpts:32
#KS degw 
#Band 7
-20.973000 -2.839000
-20.652000 -2.822000
-19.864000 -2.774000
-19.286000 -2.729000
-20.644000 -2.823000
-20.077000 -2.791000
-19.319000 -2.737000
-19.348000 -2.734000
-20.101000 -2.789000
-19.828000 -2.778000
-19.274000 -2.741000
-18.893000 -2.697000
-19.171000 -2.741000
-20.950000 -2.841000
-20.615000 -2.827000
-19.819000 -2.779000
-19.262000 -2.730000
-19.869000 -2.774000
-20.598000 -2.829000
-20.025000 -2.797000
-19.263000 -2.743000
-19.328000 -2.736000
-19.778000 -2.784000
-19.235000 -2.746000
-18.893000 -2.697000
-19.206000 -2.736000
-20.900000 -2.848000
-20.567000 -2.833000
-19.773000 -2.784000
-20.558000 -2.834000
-19.997000 -2.801000
-20.874000 -2.851000
#Band 8
-18.870000 -2.725000
-18.757000 -2.715000
-18.590000 -2.696000
-18.640000 -2.701000
-18.772000 -2.713000
-18.639000 -2.697000
-18.617000 -2.693000
-18.581000 -2.696000
-18.601000 -2.701000
-18.644000 -2.691000
-18.672000 -2.687000
-18.769000 -2.710000
-18.775000 -2.686000
-18.914000 -2.721000
-18.821000 -2.708000
-18.657000 -2.690000
-18.669000 -2.698000
-18.584000 -2.697000
-18.852000 -2.705000
-18.718000 -2.689000
-18.686000 -2.686000
-18.606000 -2.694000
-18.715000 -2.683000
-18.718000 -2.681000
-18.769000 -2.710000
-18.735000 -2.692000
-19.005000 -2.711000
-18.904000 -2.699000
-18.722000 -2.682000
-18.920000 -2.697000
-18.760000 -2.684000
-19.052000 -2.706000
#Band 9
-8.189000 -1.516000
-7.872000 -1.472000
-7.445000 -1.516000
-7.933000 -1.963000
-7.803000 -1.475000
-7.381000 -1.464000
-7.484000 -1.881000
-7.581000 -1.793000
-7.523000 -1.442000
-7.475000 -1.658000
-7.678000 -1.807000
-7.186000 -1.881000
-8.104000 -1.891000
-7.975000 -1.521000
-7.557000 -1.488000
-7.180000 -1.537000
-7.987000 -1.932000
-7.533000 -1.559000
-7.377000 -1.499000
-7.026000 -1.537000
-7.526000 -1.881000
-7.663000 -1.787000
-7.359000 -1.753000
-7.622000 -1.839000
-7.183000 -1.889000
-8.070000 -1.901000
-7.411000 -1.548000
-6.988000 -1.542000
-7.237000 -1.812000
-6.817000 -1.578000
-6.686000 -1.652000
-6.941000 -1.618000
#Band 10
-3.781000 -0.245000
-5.251000 -1.570000
-7.050000 -1.814000
-7.480000 -1.644000
-5.249000 -1.568000
-6.272000 -1.722000
-7.244000 -1.623000
-7.158000 -1.678000
-6.255000 -1.716000
-6.742000 -1.699000
-6.797000 -1.778000
-7.025000 -1.583000
-7.039000 -1.820000
-4.196000 -1.143000
-5.392000 -1.562000
-7.131000 -1.851000
-7.372000 -1.686000
-6.937000 -1.748000
-5.429000 -1.540000
-6.372000 -1.713000
-7.103000 -1.663000
-6.962000 -1.705000
-6.629000 -1.712000
-6.882000 -1.752000
-7.029000 -1.574000
-7.158000 -1.765000
-5.018000 -1.272000
-5.745000 -1.492000
-6.832000 -1.643000
-5.856000 -1.438000
-6.581000 -1.636000
-5.600000 -1.218000
#Band 11
-3.767000 -1.360000
-4.223000 -1.228000
-5.315000 -1.496000
-5.353000 -1.245000
-4.310000 -1.256000
-5.569000 -1.623000
-5.713000 -1.583000
-5.874000 -1.573000
-5.593000 -1.649000
-5.412000 -1.483000
-5.933000 -1.495000
-6.603000 -1.749000
-5.116000 -1.031000
-3.716000 -1.369000
-4.128000 -1.292000
-5.181000 -1.411000
-5.268000 -1.244000
-5.372000 -1.549000
-4.378000 -1.357000
-5.462000 -1.573000
-5.578000 -1.643000
-5.960000 -1.562000
-5.268000 -1.331000
-5.707000 -1.556000
-6.599000 -1.753000
-5.133000 -1.160000
-3.590000 -0.097000
-4.135000 -1.249000
-4.947000 -1.432000
-4.346000 -1.320000
-5.340000 -1.576000
-3.589000 -0.050000
#Band 12
-3.767000 -1.360000
-4.033000 -1.420000
-4.498000 -1.508000
-4.706000 -1.543000
-3.958000 -1.436000
-4.192000 -1.411000
-5.065000 -1.340000
-4.932000 -1.415000
-4.211000 -1.424000
-4.317000 -1.568000
-4.540000 -1.402000
-5.141000 -1.606000
-4.484000 -1.626000
-3.716000 -1.369000
-4.010000 -1.424000
-4.470000 -1.514000
-4.662000 -1.554000
-4.435000 -1.524000
-3.822000 -1.489000
-4.185000 -1.236000
-4.980000 -1.239000
-4.718000 -1.453000
-4.274000 -1.092000
-4.653000 -1.260000
-5.150000 -1.587000
-4.554000 -1.591000
-3.580000 -1.406000
-3.959000 -1.113000
-4.554000 -0.971000
-3.892000 -0.957000
-4.377000 -0.933000
-3.462000 -1.489000
#Band 13
-3.659000 -1.272000
-3.193000 -1.196000
-3.466000 -1.178000
-3.788000 -1.314000
-3.276000 -1.015000
-3.529000 -1.253000
-3.864000 -1.463000
-3.975000 -1.434000
-3.442000 -1.371000
-3.738000 -1.141000
-4.397000 -1.344000
-4.609000 -1.148000
-4.380000 -1.416000
-3.601000 -0.339000
-3.592000 -1.042000
-3.957000 -1.097000
-3.977000 -1.272000
-3.393000 -1.211000
-3.654000 -0.818000
-3.889000 -1.167000
-4.122000 -1.222000
-4.200000 -1.372000
-4.270000 -1.594000
-4.405000 -1.276000
-4.595000 -1.171000
-4.286000 -1.306000
-3.580000 -1.406000
-3.899000 -1.454000
-4.365000 -1.547000
-3.774000 -1.521000
-3.944000 -1.455000
-3.462000 -1.489000
#Band 14
-2.602000 -1.370000
-2.851000 -0.421000
-2.989000 -1.431000
-3.121000 -1.459000
-2.892000 -1.309000
-3.343000 -1.238000
-3.627000 -1.230000
-3.394000 -1.277000
-3.103000 -1.258000
-3.372000 -1.265000
-3.782000 -1.243000
-3.699000 -1.291000
-3.586000 -1.254000
-2.706000 -1.325000
-2.978000 -0.446000
-3.058000 -1.398000
-3.234000 -1.405000
-3.143000 -1.360000
-3.128000 -1.210000
-3.606000 -1.351000
-3.853000 -1.379000
-3.490000 -1.248000
-3.451000 -1.227000
-3.948000 -1.328000
-3.708000 -1.279000
-3.463000 -1.310000
-2.940000 -1.236000
-3.056000 -0.377000
-3.282000 -1.303000
-3.196000 -1.171000
-3.723000 -1.290000
-3.101000 -1.136000
#Band 15
-2.602000 -1.370000
-2.729000 -1.380000
-2.516000 -0.238000
-2.574000 -0.262000
-2.749000 -0.579000
-2.231000 -0.230000
-2.173000 -0.285000
-2.184000 -0.272000
-2.287000 -0.103000
-2.501000 -0.229000
-2.224000 -0.272000
-1.748000 -0.253000
-2.580000 -0.245000
-2.706000 -1.325000
-2.778000 -1.358000
-2.522000 -0.255000
-2.575000 -0.257000
-2.518000 -0.196000
-2.798000 -0.632000
-2.207000 -0.309000
-2.192000 -0.288000
-2.208000 -0.274000
-2.501000 -0.254000
-2.218000 -0.277000
-1.746000 -0.255000
-2.578000 -0.249000
-2.940000 -1.236000
-2.998000 -1.268000
-2.517000 -0.255000
-2.967000 -0.488000
-2.221000 -0.312000
-3.101000 -1.136000
#Band 16
-1.731000 -0.230000
-1.807000 -0.233000
-1.374000 -0.274000
-1.473000 -0.291000
-1.803000 -0.237000
-1.934000 -0.273000
-1.452000 -0.244000
-1.413000 -0.302000
-1.928000 -0.279000
-1.548000 -0.270000
-1.599000 -0.274000
-1.690000 -0.267000
-1.703000 -0.278000
-1.731000 -0.230000
-1.805000 -0.239000
-1.309000 -0.279000
-1.471000 -0.331000
-1.470000 -0.294000
-1.803000 -0.243000
-1.947000 -0.266000
-1.429000 -0.289000
-1.522000 -0.286000
-1.459000 -0.302000
-1.504000 -0.313000
-1.703000 -0.256000
-1.594000 -0.315000
-1.730000 -0.230000
-1.806000 -0.241000
-1.325000 -0.314000
-1.806000 -0.242000
-1.955000 -0.262000
-1.730000 -0.230000
#Band 17
-1.731000 -0.230000
-1.545000 -0.219000
-1.247000 -0.077000
-1.188000 -0.301000
-1.546000 -0.217000
-1.355000 -0.298000
-1.369000 -0.249000
-1.409000 -0.202000
-1.318000 -0.335000
-1.169000 -0.179000
-1.362000 -0.208000
-1.471000 -0.277000
-0.967000 -0.157000
-1.731000 -0.230000
-1.546000 -0.218000
-1.168000 -0.180000
-1.105000 -0.330000
-1.267000 -0.024000
-1.547000 -0.216000
-1.296000 -0.306000
-1.349000 -0.251000
-1.377000 -0.211000
-1.169000 -0.178000
-1.353000 -0.214000
-1.410000 -0.326000
-0.967000 -0.159000
-1.730000 -0.230000
-1.548000 -0.216000
-1.169000 -0.178000
-1.548000 -0.216000
-1.215000 -0.333000
-1.730000 -0.230000
#Band 18
-0.993000 -0.330000
-1.130000 -0.324000
-1.166000 -0.181000
-0.967000 -0.156000
-1.190000 -0.311000
-1.093000 -0.130000
-1.212000 -0.318000
-1.249000 -0.301000
-1.132000 -0.214000
-1.145000 -0.100000
-1.018000 -0.357000
-1.238000 -0.343000
-0.887000 -0.386000
-0.933000 -0.356000
-1.038000 -0.332000
-1.120000 -0.170000
-0.967000 -0.156000
-1.168000 -0.180000
-1.147000 -0.309000
-1.061000 -0.147000
-1.130000 -0.328000
-1.134000 -0.324000
-1.061000 -0.144000
-1.034000 -0.348000
-1.289000 -0.302000
-0.956000 -0.368000
-0.825000 -0.392000
-0.981000 -0.347000
-1.051000 -0.174000
-1.032000 -0.337000
-1.052000 -0.157000
-0.776000 -0.406000
#Band 19
-0.993000 -0.330000
-1.046000 -0.321000
-1.142000 -0.305000
-0.083000 0.242000
-0.942000 -0.361000
-1.041000 -0.339000
-0.236000 0.138000
-0.358000 0.171000
-1.113000 -0.202000
-0.896000 -0.382000
-0.207000 0.118000
-0.032000 0.229000
0.000000 0.189000
-0.933000 -0.356000
-1.014000 -0.335000
-1.093000 -0.324000
-0.095000 0.249000
-1.033000 -0.344000
-0.826000 -0.395000
-0.952000 -0.361000
-0.135000 0.119000
-0.338000 0.157000
-0.858000 -0.391000
-0.122000 0.108000
-0.030000 0.226000
-0.046000 0.216000
-0.825000 -0.392000
-0.888000 -0.378000
-0.948000 -0.370000
-0.802000 -0.401000
-0.939000 -0.356000
-0.776000 -0.406000
#Band 20
1.934000 1.199000
2.390000 1.113000
2.797000 0.858000
2.603000 0.285000
2.504000 1.103000
2.929000 0.960000
3.191000 0.556000
3.445000 0.568000
2.875000 0.964000
3.117000 0.843000
3.509000 0.569000
5.333000 0.512000
2.951000 0.306000
2.247000 1.146000
2.727000 1.087000
2.661000 0.851000
2.681000 0.290000
3.016000 0.856000
2.977000 1.081000
3.020000 0.950000
3.095000 0.550000
3.603000 0.575000
2.970000 0.828000
3.257000 0.556000
5.339000 0.512000
2.854000 0.301000
2.984000 1.090000
3.207000 1.081000
2.735000 0.835000
3.358000 1.087000
3.060000 0.946000
3.596000 1.150000
#Band 21
6.160000 0.733000
7.113000 0.840000
7.623000 0.942000
6.069000 0.897000
7.006000 0.855000
8.120000 1.077000
7.251000 0.817000
7.085000 0.834000
8.648000 0.887000
7.544000 0.931000
7.373000 0.839000
5.580000 0.539000
6.840000 1.019000
5.908000 0.819000
6.632000 0.915000
7.735000 1.002000
6.260000 0.918000
7.566000 0.911000
6.368000 0.886000
7.777000 1.074000
7.493000 0.800000
7.148000 0.845000
7.651000 0.994000
7.546000 0.811000
5.574000 0.538000
6.654000 0.979000
5.181000 0.850000
6.079000 0.890000
7.771000 1.031000
5.913000 0.859000
7.662000 1.075000
4.552000 0.724000
#Band 22
7.255000 1.119000
8.019000 1.181000
8.366000 0.832000
7.798000 0.893000
7.944000 1.112000
9.276000 1.117000
8.903000 1.170000
9.027000 1.154000
8.653000 1.302000
8.379000 0.821000
9.466000 1.086000
8.766000 1.165000
8.573000 0.978000
7.213000 0.982000
8.320000 1.048000
8.578000 0.813000
7.835000 0.892000
8.252000 0.836000
8.211000 0.979000
9.823000 1.093000
8.912000 1.181000
9.186000 1.097000
8.688000 0.801000
9.201000 1.194000
8.767000 1.166000
8.022000 0.882000
7.265000 0.848000
8.473000 0.956000
8.805000 0.809000
8.431000 0.936000
10.132000 1.098000
7.322000 0.821000
#Band 23
11.804000 0.928000
11.700000 0.858000
10.567000 1.115000
10.993000 1.244000
11.754000 1.031000
10.671000 0.841000
10.687000 0.994000
10.292000 0.960000
10.738000 0.779000
10.127000 1.029000
9.688000 1.152000
10.048000 1.586000
8.617000 0.831000
11.977000 1.050000
11.626000 0.970000
10.650000 1.226000
10.481000 1.135000
10.302000 1.011000
11.642000 1.152000
10.491000 0.932000
10.792000 1.111000
10.060000 1.080000
9.953000 1.047000
10.029000 1.071000
10.048000 1.587000
9.516000 0.996000
12.210000 1.240000
11.544000 1.099000
10.090000 1.042000
11.535000 1.145000
10.245000 0.904000
12.280000 1.313000
#Band 24
13.828000 1.381000
12.347000 1.216000
11.217000 1.116000
11.555000 1.439000
12.362000 1.116000
11.102000 1.009000
11.361000 1.209000
10.895000 1.098000
11.083000 1.077000
11.509000 1.285000
10.334000 1.010000
11.519000 1.259000
11.326000 1.104000
13.839000 1.382000
12.368000 1.127000
11.109000 0.964000
11.613000 1.454000
11.382000 1.231000
12.475000 1.085000
11.202000 0.966000
10.942000 1.222000
10.396000 1.018000
11.586000 1.328000
10.631000 1.120000
11.541000 1.271000
11.455000 1.237000
13.864000 1.384000
12.559000 1.194000
11.483000 1.226000
12.609000 1.208000
11.568000 1.071000
13.878000 1.385000
#Band 25
13.828000 1.381000
13.438000 0.977000
12.024000 1.344000
12.423000 1.314000
13.214000 1.017000
11.988000 1.043000
11.529000 1.207000
11.795000 1.318000
12.101000 1.016000
11.968000 1.243000
11.926000 1.086000
12.047000 1.223000
12.267000 1.195000
13.839000 1.382000
13.560000 1.133000
11.868000 1.290000
12.310000 1.205000
11.944000 1.340000
13.273000 1.108000
12.239000 1.096000
11.688000 1.222000
11.877000 1.268000
12.256000 1.003000
11.939000 1.058000
11.830000 1.139000
12.255000 1.183000
13.864000 1.383000
13.322000 1.045000
11.871000 1.146000
13.301000 1.065000
12.053000 1.011000
13.878000 1.385000
#Band 26
15.297000 1.117000
14.153000 1.214000
13.842000 1.199000
13.904000 0.991000
14.413000 1.519000
12.822000 1.232000
11.956000 1.282000
12.317000 1.344000
12.552000 1.218000
13.588000 1.159000
12.652000 1.257000
12.129000 1.075000
13.222000 1.022000
15.273000 1.120000
14.140000 1.110000
13.482000 1.320000
13.690000 1.019000
14.273000 1.192000
14.445000 1.533000
12.773000 1.155000
11.908000 1.013000
12.516000 1.271000
12.692000 1.346000
12.420000 1.098000
12.647000 1.468000
13.360000 1.026000
15.215000 1.123000
14.511000 1.524000
13.084000 1.347000
14.499000 1.541000
12.999000 1.207000
15.181000 1.123000
#Band 27
15.297000 1.117000
14.420000 1.503000
14.566000 1.127000
14.573000 1.107000
14.946000 1.232000
14.172000 1.229000
13.767000 1.286000
14.188000 1.188000
14.879000 1.332000
14.034000 1.174000
12.921000 1.346000
13.032000 1.199000
13.340000 1.616000
15.273000 1.120000
14.463000 1.500000
14.539000 1.059000
14.067000 1.245000
14.348000 1.185000
15.702000 1.226000
13.509000 1.251000
13.362000 1.312000
13.707000 1.186000
14.000000 1.146000
12.768000 1.438000
12.658000 0.861000
13.526000 1.498000
15.215000 1.123000
14.749000 1.157000
14.207000 1.120000
15.325000 1.144000
13.055000 1.189000
15.181000 1.123000
#Band 28
15.306000 1.336000
15.845000 1.147000
15.448000 1.657000
15.505000 1.761000
16.189000 1.143000
15.702000 1.528000
15.425000 1.286000
15.330000 1.267000
15.443000 1.239000
15.959000 1.593000
15.770000 1.546000
15.469000 1.205000
16.208000 1.750000
15.436000 1.282000
15.591000 1.148000
15.359000 1.716000
15.722000 1.739000
15.792000 1.588000
16.154000 1.148000
15.337000 1.544000
14.927000 1.407000
15.534000 1.488000
15.864000 1.608000
15.193000 1.473000
15.675000 1.273000
16.063000 1.741000
15.739000 1.178000
15.499000 1.127000
15.614000 1.638000
15.688000 1.120000
15.142000 1.554000
15.898000 1.128000
#Band 29
18.893000 0.578000
17.339000 1.242000
17.181000 1.187000
15.730000 1.087000
17.204000 1.226000
16.416000 1.314000
17.001000 1.184000
16.905000 1.360000
16.210000 1.523000
17.189000 1.318000
16.849000 1.247000
16.904000 1.259000
17.343000 1.350000
18.938000 0.582000
17.320000 1.251000
17.162000 1.142000
16.428000 1.215000
16.426000 1.099000
16.861000 1.208000
17.047000 1.318000
17.804000 1.322000
17.094000 1.379000
17.368000 1.281000
17.477000 1.319000
16.623000 1.168000
17.122000 1.328000
19.336000 0.614000
17.410000 1.285000
17.176000 1.179000
17.249000 1.320000
17.284000 1.320000
19.310000 1.486000
#Band 30
19.866000 1.611000
18.110000 1.318000
17.612000 1.105000
17.109000 1.099000
17.255000 1.216000
18.343000 1.235000
18.152000 1.429000
17.909000 1.268000
18.123000 1.209000
17.994000 1.043000
19.079000 1.446000
18.438000 1.217000
19.921000 1.247000
19.616000 1.537000
18.658000 1.380000
18.634000 1.196000
17.456000 1.069000
17.651000 1.161000
16.946000 1.173000
18.749000 1.298000
18.825000 1.395000
18.424000 1.166000
19.318000 1.268000
19.117000 1.453000
18.870000 1.252000
18.608000 1.144000
19.371000 1.491000
18.264000 1.298000
19.418000 1.244000
17.544000 1.213000
18.980000 1.380000
19.310000 1.486000
#Band 31
19.866000 1.611000
19.749000 1.304000
19.856000 1.305000
19.955000 1.310000
19.190000 1.209000
19.833000 1.177000
20.388000 1.302000
20.039000 1.332000
20.005000 1.176000
19.078000 1.242000
20.275000 1.192000
19.863000 1.737000
20.297000 1.296000
19.616000 1.537000
20.019000 1.230000
20.207000 1.359000
20.459000 1.305000
19.278000 1.252000
19.261000 1.095000
19.901000 1.142000
20.163000 1.226000
19.550000 1.305000
19.522000 1.142000
21.043000 1.316000
19.287000 1.465000
21.101000 1.306000
19.371000 1.491000
19.986000 1.105000
19.816000 1.314000
19.782000 1.013000
20.074000 1.089000
20.165000 0.657000
#Band 32
21.302000 1.410000
21.663000 1.040000
20.515000 1.233000
22.781000 1.445000
20.922000 1.072000
21.552000 1.386000
21.125000 1.317000
21.114000 1.354000
21.093000 1.395000
20.987000 1.306000
22.887000 1.449000
20.095000 1.140000
21.407000 1.302000
21.699000 0.926000
21.646000 1.379000
20.728000 1.185000
22.127000 1.336000
21.049000 1.293000
20.619000 1.148000
22.238000 1.370000
21.614000 1.342000
21.919000 1.442000
20.287000 1.300000
22.101000 1.251000
20.378000 1.418000
21.595000 1.312000
21.629000 0.871000
21.443000 1.353000
21.398000 1.334000
20.687000 1.274000
22.604000 1.338000
20.618000 0.783000
#Band 33
21.302000 1.410000
22.042000 1.506000
22.679000 1.308000
23.251000 1.188000
23.028000 1.736000
23.194000 1.261000
23.061000 1.330000
23.455000 1.337000
23.070000 1.236000
24.671000 1.535000
23.741000 1.325000
24.249000 1.257000
24.007000 1.254000
21.800000 1.512000
22.404000 1.426000
22.513000 1.236000
24.133000 1.376000
23.698000 1.481000
23.708000 1.885000
23.099000 1.353000
23.743000 1.352000
23.873000 1.356000
24.177000 1.356000
23.665000 1.310000
24.175000 1.247000
23.331000 1.328000
22.584000 1.526000
22.394000 1.502000
22.485000 1.169000
23.391000 1.731000
22.841000 1.372000
22.779000 1.036000
#Band 34
21.422000 0.905000
23.392000 1.426000
24.451000 1.525000
25.423000 1.515000
24.385000 1.411000
24.325000 1.489000
25.166000 1.454000
25.620000 1.498000
24.951000 1.643000
24.852000 1.769000
24.175000 1.317000
26.151000 1.477000
25.583000 1.654000
21.800000 1.512000
23.097000 1.100000
23.314000 1.398000
24.201000 1.302000
24.516000 1.514000
24.622000 1.062000
24.066000 1.336000
24.644000 1.395000
25.776000 1.602000
24.998000 1.735000
24.414000 1.402000
26.342000 1.457000
25.538000 1.398000
22.584000 1.526000
24.326000 0.992000
23.616000 1.365000
24.228000 0.964000
24.113000 1.351000
22.779000 1.037000
#Band 35
24.388000 0.968000
25.262000 1.145000
25.573000 1.513000
25.812000 1.325000
25.130000 1.248000
26.109000 1.757000
26.977000 2.088000
26.897000 1.963000
25.630000 1.671000
25.656000 1.611000
26.072000 1.711000
27.617000 2.180000
25.929000 1.420000
23.941000 0.906000
24.780000 1.074000
26.230000 1.371000
26.225000 1.807000
25.544000 1.687000
25.293000 1.385000
26.002000 1.521000
26.283000 1.543000
26.238000 1.579000
25.868000 1.413000
25.722000 1.418000
27.388000 2.106000
25.832000 1.745000
23.341000 1.269000
24.804000 1.238000
26.309000 1.301000
25.527000 1.275000
25.921000 1.416000
23.152000 1.815000
#Band 36
25.604000 1.378000
25.486000 1.287000
27.326000 1.932000
26.993000 2.002000
25.899000 1.227000
27.185000 1.539000
27.877000 1.826000
27.445000 1.855000
27.424000 1.445000
27.037000 1.414000
27.430000 1.976000
27.809000 1.944000
26.335000 1.656000
24.335000 1.213000
25.540000 1.291000
27.137000 1.965000
27.169000 2.190000
27.421000 1.786000
26.367000 1.432000
26.840000 1.476000
27.387000 1.822000
27.445000 1.828000
26.575000 1.476000
27.056000 1.921000
27.923000 2.034000
27.287000 2.125000
23.341000 1.269000
25.609000 1.331000
26.909000 1.888000
26.190000 1.374000
26.330000 1.257000
23.152000 1.815000
#Band 37
25.604000 1.375000
26.021000 1.253000
28.733000 1.595000
27.138000 2.196000
26.797000 1.251000
27.829000 1.482000
28.795000 1.378000
29.042000 1.380000
28.015000 1.526000
27.862000 1.534000
28.404000 1.648000
29.466000 1.499000
27.660000 1.879000
24.335000 1.212000
25.764000 1.318000
28.122000 1.870000
27.730000 1.568000
28.732000 1.575000
26.754000 1.328000
27.659000 1.573000
28.131000 2.010000
27.979000 1.656000
27.257000 1.705000
28.032000 2.009000
29.439000 1.486000
27.362000 1.370000
23.717000 0.923000
26.122000 1.333000
27.652000 1.883000
26.737000 1.332000
27.597000 1.644000
24.535000 1.049000
#Band 38
26.026000 1.153000
28.620000 1.579000
29.147000 1.639000
29.731000 1.664000
27.863000 1.409000
29.248000 1.344000
29.441000 1.659000
29.595000 1.694000
29.103000 1.588000
30.381000 1.430000
28.872000 1.436000
29.500000 1.485000
28.444000 1.525000
27.561000 1.296000
28.069000 1.273000
28.580000 1.453000
29.729000 1.649000
30.107000 1.471000
27.429000 1.447000
28.321000 1.543000
29.772000 1.524000
29.547000 1.582000
29.695000 1.396000
29.836000 1.516000
29.523000 1.498000
29.400000 1.594000
27.081000 1.219000
27.186000 1.040000
28.674000 1.404000
27.023000 1.643000
28.183000 1.829000
25.703000 1.088000
#Band 39
26.026000 1.149000
28.621000 1.584000
31.614000 1.371000
30.194000 1.716000
28.128000 1.597000
29.761000 1.469000
30.913000 1.593000
30.948000 1.494000
30.475000 1.356000
31.099000 1.676000
30.671000 1.691000
31.441000 1.421000
29.573000 1.758000
27.561000 1.281000
29.101000 1.683000
31.803000 1.515000
29.934000 1.379000
31.376000 1.342000
27.919000 1.224000
29.449000 1.466000
30.462000 1.631000
30.716000 1.569000
31.145000 1.624000
30.472000 1.571000
31.312000 1.370000
29.440000 1.673000
29.294000 1.365000
28.188000 1.572000
31.524000 1.585000
27.846000 1.064000
29.337000 1.439000
30.017000 1.463000
