# /home/stevezhang/codes/project/mushroom/scripts/m_gap_degw -e CuAlO2.eqpeV_GW
#unit:eV nbands:33 nkpts:32
#KS degw 
#Band 7
-20.973000 -2.145000
-20.652000 -2.134000
-19.864000 -2.097000
-19.286000 -2.059000
-20.644000 -2.135000
-20.077000 -2.111000
-19.319000 -2.067000
-19.348000 -2.064000
-20.101000 -2.108000
-19.828000 -2.101000
-19.274000 -2.072000
-18.893000 -2.032000
-19.171000 -2.074000
-20.950000 -2.149000
-20.615000 -2.139000
-19.819000 -2.102000
-19.262000 -2.061000
-19.869000 -2.096000
-20.598000 -2.141000
-20.025000 -2.118000
-19.263000 -2.074000
-19.328000 -2.066000
-19.778000 -2.108000
-19.235000 -2.078000
-18.893000 -2.032000
-19.206000 -2.068000
-20.900000 -2.156000
-20.567000 -2.146000
-19.773000 -2.109000
-20.558000 -2.148000
-19.997000 -2.122000
-20.874000 -2.160000
#Band 8
-18.870000 -2.064000
-18.757000 -2.055000
-18.590000 -2.038000
-18.640000 -2.041000
-18.772000 -2.053000
-18.639000 -2.038000
-18.617000 -2.033000
-18.581000 -2.037000
-18.601000 -2.042000
-18.644000 -2.031000
-18.672000 -2.026000
-18.769000 -2.048000
-18.775000 -2.024000
-18.914000 -2.059000
-18.821000 -2.047000
-18.657000 -2.030000
-18.669000 -2.038000
-18.584000 -2.038000
-18.852000 -2.043000
-18.718000 -2.028000
-18.686000 -2.025000
-18.606000 -2.034000
-18.715000 -2.022000
-18.718000 -2.019000
-18.769000 -2.048000
-18.735000 -2.030000
-19.005000 -2.047000
-18.904000 -2.036000
-18.722000 -2.021000
-18.920000 -2.034000
-18.760000 -2.022000
-19.052000 -2.041000
#Band 9
-8.189000 -1.144000
-7.872000 -1.102000
-7.445000 -1.139000
-7.933000 -1.565000
-7.803000 -1.105000
-7.381000 -1.093000
-7.484000 -1.494000
-7.581000 -1.404000
-7.523000 -1.069000
-7.475000 -1.275000
-7.678000 -1.412000
-7.186000 -1.496000
-8.104000 -1.485000
-7.975000 -1.153000
-7.557000 -1.123000
-7.180000 -1.166000
-7.987000 -1.532000
-7.533000 -1.178000
-7.377000 -1.138000
-7.026000 -1.173000
-7.526000 -1.492000
-7.663000 -1.394000
-7.359000 -1.370000
-7.622000 -1.446000
-7.183000 -1.504000
-8.070000 -1.497000
-7.411000 -1.190000
-6.988000 -1.188000
-7.237000 -1.433000
-6.817000 -1.226000
-6.686000 -1.293000
-6.941000 -1.265000
#Band 10
-3.781000 -0.119000
-5.251000 -1.237000
-7.050000 -1.437000
-7.480000 -1.257000
-5.249000 -1.232000
-6.272000 -1.364000
-7.244000 -1.243000
-7.158000 -1.299000
-6.255000 -1.354000
-6.742000 -1.331000
-6.797000 -1.409000
-7.025000 -1.209000
-7.039000 -1.447000
-4.196000 -0.906000
-5.392000 -1.238000
-7.131000 -1.475000
-7.372000 -1.302000
-6.937000 -1.372000
-5.429000 -1.214000
-6.372000 -1.359000
-7.103000 -1.287000
-6.962000 -1.329000
-6.629000 -1.353000
-6.882000 -1.381000
-7.029000 -1.199000
-7.158000 -1.387000
-5.018000 -1.002000
-5.745000 -1.171000
-6.832000 -1.279000
-5.856000 -1.118000
-6.581000 -1.280000
-5.600000 -0.937000
#Band 11
-3.767000 -1.052000
-4.223000 -0.965000
-5.315000 -1.170000
-5.353000 -0.922000
-4.310000 -0.996000
-5.569000 -1.286000
-5.713000 -1.235000
-5.874000 -1.224000
-5.593000 -1.315000
-5.412000 -1.164000
-5.933000 -1.149000
-6.603000 -1.383000
-5.116000 -0.722000
-3.716000 -1.062000
-4.128000 -1.005000
-5.181000 -1.085000
-5.268000 -0.926000
-5.372000 -1.229000
-4.378000 -1.068000
-5.462000 -1.234000
-5.578000 -1.299000
-5.960000 -1.215000
-5.268000 -1.012000
-5.707000 -1.214000
-6.599000 -1.386000
-5.133000 -0.851000
-3.590000 0.033000
-4.135000 -0.955000
-4.947000 -1.116000
-4.346000 -1.016000
-5.340000 -1.240000
-3.589000 0.073000
#Band 12
-3.767000 -1.052000
-4.033000 -1.103000
-4.498000 -1.178000
-4.706000 -1.208000
-3.958000 -1.122000
-4.192000 -1.101000
-5.065000 -1.016000
-4.932000 -1.093000
-4.211000 -1.115000
-4.317000 -1.244000
-4.540000 -1.092000
-5.141000 -1.273000
-4.484000 -1.298000
-3.716000 -1.062000
-4.010000 -1.108000
-4.470000 -1.185000
-4.662000 -1.220000
-4.435000 -1.196000
-3.822000 -1.180000
-4.185000 -0.936000
-4.980000 -0.925000
-4.718000 -1.138000
-4.274000 -0.809000
-4.653000 -0.957000
-5.150000 -1.253000
-4.554000 -1.261000
-3.580000 -1.104000
-3.959000 -0.830000
-4.554000 -0.683000
-3.892000 -0.696000
-4.377000 -0.650000
-3.462000 -1.190000
#Band 13
-3.659000 -1.005000
-3.193000 -0.930000
-3.466000 -0.908000
-3.788000 -1.032000
-3.276000 -0.765000
-3.529000 -0.977000
-3.864000 -1.167000
-3.975000 -1.135000
-3.442000 -1.085000
-3.738000 -0.867000
-4.397000 -1.036000
-4.609000 -0.846000
-4.380000 -1.120000
-3.601000 -0.180000
-3.592000 -0.775000
-3.957000 -0.822000
-3.977000 -0.985000
-3.393000 -0.938000
-3.654000 -0.577000
-3.889000 -0.885000
-4.122000 -0.924000
-4.200000 -1.065000
-4.270000 -1.273000
-4.405000 -0.969000
-4.595000 -0.870000
-4.286000 -1.010000
-3.580000 -1.104000
-3.899000 -1.142000
-4.365000 -1.222000
-3.774000 -1.213000
-3.944000 -1.153000
-3.462000 -1.190000
#Band 14
-2.602000 -1.094000
-2.851000 -0.285000
-2.989000 -1.143000
-3.121000 -1.166000
-2.892000 -1.028000
-3.343000 -0.961000
-3.627000 -0.950000
-3.394000 -0.999000
-3.103000 -0.986000
-3.372000 -0.971000
-3.782000 -0.954000
-3.699000 -1.006000
-3.586000 -0.955000
-2.706000 -1.049000
-2.978000 -0.318000
-3.058000 -1.109000
-3.234000 -1.111000
-3.143000 -1.071000
-3.128000 -0.926000
-3.606000 -1.057000
-3.853000 -1.086000
-3.490000 -0.968000
-3.451000 -0.932000
-3.948000 -1.028000
-3.708000 -0.995000
-3.463000 -1.013000
-2.940000 -0.957000
-3.056000 -0.260000
-3.282000 -1.011000
-3.196000 -0.886000
-3.723000 -0.992000
-3.101000 -0.854000
#Band 15
-2.602000 -1.094000
-2.729000 -1.101000
-2.516000 -0.158000
-2.574000 -0.181000
-2.749000 -0.426000
-2.231000 -0.150000
-2.173000 -0.204000
-2.184000 -0.192000
-2.287000 -0.032000
-2.501000 -0.149000
-2.224000 -0.196000
-1.748000 -0.186000
-2.580000 -0.164000
-2.706000 -1.049000
-2.778000 -1.078000
-2.522000 -0.175000
-2.575000 -0.176000
-2.518000 -0.118000
-2.798000 -0.480000
-2.207000 -0.227000
-2.192000 -0.209000
-2.208000 -0.196000
-2.501000 -0.173000
-2.218000 -0.201000
-1.746000 -0.186000
-2.578000 -0.168000
-2.940000 -0.957000
-2.998000 -0.986000
-2.517000 -0.175000
-2.967000 -0.356000
-2.221000 -0.233000
-3.101000 -0.854000
#Band 16
-1.731000 -0.163000
-1.807000 -0.165000
-1.374000 -0.151000
-1.473000 -0.163000
-1.803000 -0.169000
-1.934000 -0.199000
-1.452000 -0.135000
-1.413000 -0.192000
-1.928000 -0.203000
-1.548000 -0.142000
-1.599000 -0.145000
-1.690000 -0.198000
-1.703000 -0.145000
-1.731000 -0.163000
-1.805000 -0.171000
-1.309000 -0.159000
-1.471000 -0.199000
-1.470000 -0.171000
-1.803000 -0.174000
-1.947000 -0.193000
-1.429000 -0.177000
-1.522000 -0.167000
-1.459000 -0.170000
-1.504000 -0.182000
-1.703000 -0.189000
-1.594000 -0.181000
-1.730000 -0.163000
-1.806000 -0.173000
-1.325000 -0.187000
-1.806000 -0.173000
-1.955000 -0.190000
-1.730000 -0.163000
#Band 17
-1.731000 -0.163000
-1.545000 -0.155000
-1.247000 -0.039000
-1.188000 -0.168000
-1.546000 -0.154000
-1.355000 -0.168000
-1.369000 -0.173000
-1.409000 -0.127000
-1.318000 -0.202000
-1.169000 -0.124000
-1.362000 -0.150000
-1.471000 -0.148000
-0.967000 -0.106000
-1.731000 -0.163000
-1.546000 -0.154000
-1.168000 -0.124000
-1.105000 -0.196000
-1.267000 0.012000
-1.547000 -0.153000
-1.296000 -0.174000
-1.349000 -0.173000
-1.377000 -0.144000
-1.169000 -0.123000
-1.353000 -0.154000
-1.410000 -0.194000
-0.967000 -0.107000
-1.730000 -0.163000
-1.548000 -0.153000
-1.169000 -0.123000
-1.548000 -0.152000
-1.215000 -0.200000
-1.730000 -0.163000
#Band 18
-0.993000 -0.196000
-1.130000 -0.192000
-1.166000 -0.125000
-0.967000 -0.105000
-1.190000 -0.179000
-1.093000 -0.084000
-1.212000 -0.187000
-1.249000 -0.170000
-1.132000 -0.130000
-1.145000 -0.063000
-1.018000 -0.224000
-1.238000 -0.211000
-0.887000 -0.251000
-0.933000 -0.221000
-1.038000 -0.201000
-1.120000 -0.126000
-0.967000 -0.105000
-1.168000 -0.124000
-1.147000 -0.177000
-1.061000 -0.102000
-1.130000 -0.196000
-1.134000 -0.193000
-1.061000 -0.108000
-1.034000 -0.216000
-1.289000 -0.174000
-0.956000 -0.234000
-0.825000 -0.256000
-0.981000 -0.215000
-1.051000 -0.133000
-1.032000 -0.205000
-1.052000 -0.111000
-0.776000 -0.270000
#Band 19
-0.993000 -0.196000
-1.046000 -0.188000
-1.142000 -0.173000
-0.083000 0.222000
-0.942000 -0.226000
-1.041000 -0.207000
-0.236000 0.132000
-0.358000 0.163000
-1.113000 -0.112000
-0.896000 -0.247000
-0.207000 0.114000
-0.032000 0.209000
0.000000 0.173000
-0.933000 -0.221000
-1.014000 -0.201000
-1.093000 -0.192000
-0.095000 0.227000
-1.033000 -0.210000
-0.826000 -0.259000
-0.952000 -0.229000
-0.135000 0.113000
-0.338000 0.151000
-0.858000 -0.255000
-0.122000 0.102000
-0.030000 0.206000
-0.046000 0.197000
-0.825000 -0.256000
-0.888000 -0.243000
-0.948000 -0.235000
-0.802000 -0.265000
-0.939000 -0.225000
-0.776000 -0.270000
#Band 20
1.934000 1.044000
2.390000 0.961000
2.797000 0.729000
2.603000 0.210000
2.504000 0.950000
2.929000 0.819000
3.191000 0.455000
3.445000 0.466000
2.875000 0.825000
3.117000 0.713000
3.509000 0.467000
5.333000 0.405000
2.951000 0.231000
2.247000 0.991000
2.727000 0.933000
2.661000 0.723000
2.681000 0.215000
3.016000 0.727000
2.977000 0.924000
3.020000 0.809000
3.095000 0.450000
3.603000 0.472000
2.970000 0.700000
3.257000 0.455000
5.339000 0.406000
2.854000 0.226000
2.984000 0.933000
3.207000 0.920000
2.735000 0.708000
3.358000 0.922000
3.060000 0.803000
3.596000 0.974000
#Band 21
6.160000 0.626000
7.113000 0.720000
7.623000 0.814000
6.069000 0.759000
7.006000 0.733000
8.120000 0.941000
7.251000 0.685000
7.085000 0.701000
8.648000 0.755000
7.544000 0.803000
7.373000 0.704000
5.580000 0.430000
6.840000 0.870000
5.908000 0.702000
6.632000 0.793000
7.735000 0.874000
6.260000 0.777000
7.566000 0.783000
6.368000 0.766000
7.777000 0.941000
7.493000 0.665000
7.148000 0.711000
7.651000 0.866000
7.546000 0.675000
5.574000 0.430000
6.654000 0.833000
5.181000 0.730000
6.079000 0.774000
7.771000 0.902000
5.913000 0.746000
7.662000 0.943000
4.552000 0.622000
#Band 22
7.255000 0.977000
8.019000 1.040000
8.366000 0.707000
7.798000 0.772000
7.944000 0.977000
9.276000 0.977000
8.903000 1.030000
9.027000 1.014000
8.653000 1.157000
8.379000 0.698000
9.466000 0.950000
8.766000 1.010000
8.573000 0.846000
7.213000 0.853000
8.320000 0.916000
8.578000 0.684000
7.835000 0.771000
8.252000 0.713000
8.211000 0.852000
9.823000 0.955000
8.912000 1.041000
9.186000 0.960000
8.688000 0.677000
9.201000 1.053000
8.767000 1.010000
8.022000 0.759000
7.265000 0.730000
8.473000 0.831000
8.805000 0.679000
8.431000 0.812000
10.132000 0.963000
7.322000 0.705000
#Band 23
11.804000 0.794000
11.700000 0.734000
10.567000 0.967000
10.993000 1.089000
11.754000 0.898000
10.671000 0.710000
10.687000 0.855000
10.292000 0.823000
10.738000 0.653000
10.127000 0.885000
9.688000 1.009000
10.048000 1.421000
8.617000 0.709000
11.977000 0.909000
11.626000 0.835000
10.650000 1.079000
10.481000 0.988000
10.302000 0.867000
11.642000 1.008000
10.491000 0.799000
10.792000 0.970000
10.060000 0.938000
9.953000 0.903000
10.029000 0.934000
10.048000 1.421000
9.516000 0.860000
12.210000 1.087000
11.544000 0.956000
10.090000 0.900000
11.535000 0.999000
10.245000 0.771000
12.280000 1.155000
#Band 24
13.828000 1.227000
12.347000 1.072000
11.217000 0.977000
11.555000 1.287000
12.362000 0.975000
11.102000 0.881000
11.361000 1.057000
10.895000 0.951000
11.083000 0.943000
11.509000 1.139000
10.334000 0.872000
11.519000 1.115000
11.326000 0.960000
13.839000 1.227000
12.368000 0.986000
11.109000 0.823000
11.613000 1.299000
11.382000 1.088000
12.475000 0.945000
11.202000 0.834000
10.942000 1.076000
10.396000 0.878000
11.586000 1.180000
10.631000 0.977000
11.541000 1.127000
11.455000 1.089000
13.864000 1.229000
12.559000 1.047000
11.483000 1.075000
12.609000 1.060000
11.568000 0.926000
13.878000 1.230000
#Band 25
13.828000 1.227000
13.438000 0.842000
12.024000 1.191000
12.423000 1.154000
13.214000 0.883000
11.988000 0.905000
11.529000 1.065000
11.795000 1.173000
12.101000 0.880000
11.968000 1.094000
11.926000 0.944000
12.047000 1.071000
12.267000 1.043000
13.839000 1.227000
13.560000 1.000000
11.868000 1.144000
12.310000 1.050000
11.944000 1.186000
13.273000 0.973000
12.239000 0.956000
11.688000 1.074000
11.877000 1.122000
12.256000 0.861000
11.939000 0.914000
11.830000 0.990000
12.255000 1.030000
13.864000 1.229000
13.322000 0.920000
11.871000 1.005000
13.301000 0.937000
12.053000 0.880000
13.878000 1.230000
#Band 26
15.297000 1.002000
14.153000 1.081000
13.842000 1.051000
13.904000 0.860000
14.413000 1.358000
12.822000 1.087000
11.956000 1.129000
12.317000 1.186000
12.552000 1.073000
13.588000 1.009000
12.652000 1.106000
12.129000 0.932000
13.222000 0.889000
15.273000 1.006000
14.140000 0.974000
13.482000 1.164000
13.690000 0.886000
14.273000 1.054000
14.445000 1.372000
12.773000 1.011000
11.908000 0.869000
12.516000 1.118000
12.692000 1.191000
12.420000 0.953000
12.647000 1.308000
13.360000 0.893000
15.215000 1.010000
14.511000 1.361000
13.084000 1.191000
14.499000 1.378000
12.999000 1.058000
15.181000 1.011000
#Band 27
15.297000 1.002000
14.420000 1.342000
14.566000 0.991000
14.573000 0.964000
14.946000 1.099000
14.172000 1.080000
13.767000 1.134000
14.188000 1.043000
14.879000 1.178000
14.034000 1.037000
12.921000 1.188000
13.032000 1.051000
13.340000 1.445000
15.273000 1.006000
14.463000 1.338000
14.539000 0.929000
14.067000 1.092000
14.348000 1.039000
15.702000 1.097000
13.509000 1.100000
13.362000 1.156000
13.707000 1.037000
14.000000 1.011000
12.768000 1.277000
12.658000 0.726000
13.526000 1.333000
15.215000 1.010000
14.749000 1.019000
14.207000 0.988000
15.325000 1.012000
13.055000 1.044000
15.181000 1.011000
#Band 28
15.306000 1.194000
15.845000 1.027000
15.448000 1.491000
15.505000 1.588000
16.189000 1.025000
15.702000 1.367000
15.425000 1.133000
15.330000 1.116000
15.443000 1.101000
15.959000 1.426000
15.770000 1.383000
15.469000 1.059000
16.208000 1.572000
15.436000 1.145000
15.591000 1.029000
15.359000 1.545000
15.722000 1.565000
15.792000 1.423000
16.154000 1.034000
15.337000 1.379000
14.927000 1.249000
15.534000 1.329000
15.864000 1.439000
15.193000 1.312000
15.675000 1.124000
16.063000 1.565000
15.739000 1.049000
15.499000 1.010000
15.614000 1.468000
15.688000 1.004000
15.142000 1.389000
15.898000 1.001000
#Band 29
18.893000 0.486000
17.339000 1.114000
17.181000 1.058000
15.730000 0.951000
17.204000 1.111000
16.416000 1.176000
17.001000 1.053000
16.905000 1.214000
16.210000 1.363000
17.189000 1.182000
16.849000 1.104000
16.904000 1.123000
17.343000 1.204000
18.938000 0.491000
17.320000 1.127000
17.162000 1.019000
16.428000 1.078000
16.426000 0.969000
16.861000 1.078000
17.047000 1.189000
17.804000 1.191000
17.094000 1.228000
17.368000 1.145000
17.477000 1.180000
16.623000 1.034000
17.122000 1.184000
19.336000 0.527000
17.410000 1.165000
17.176000 1.051000
17.249000 1.196000
17.284000 1.193000
19.310000 1.387000
#Band 30
19.866000 1.520000
18.110000 1.207000
17.612000 0.984000
17.109000 0.973000
17.255000 1.088000
18.343000 1.115000
18.152000 1.292000
17.909000 1.137000
18.123000 1.086000
17.994000 0.927000
19.079000 1.320000
18.438000 1.083000
19.921000 1.145000
19.616000 1.442000
18.658000 1.270000
18.634000 1.083000
17.456000 0.947000
17.651000 1.035000
16.946000 1.055000
18.749000 1.183000
18.825000 1.266000
18.424000 1.047000
19.318000 1.155000
19.117000 1.325000
18.870000 1.118000
18.608000 1.032000
19.371000 1.393000
18.264000 1.185000
19.418000 1.141000
17.544000 1.097000
18.980000 1.265000
19.310000 1.387000
#Band 31
19.866000 1.520000
19.749000 1.195000
19.856000 1.196000
19.955000 1.201000
19.190000 1.098000
19.833000 1.066000
20.388000 1.181000
20.039000 1.213000
20.005000 1.067000
19.078000 1.130000
20.275000 1.082000
19.863000 1.605000
20.297000 1.201000
19.616000 1.442000
20.019000 1.129000
20.207000 1.249000
20.459000 1.202000
19.278000 1.141000
19.261000 0.988000
19.901000 1.031000
20.163000 1.104000
19.550000 1.182000
19.522000 1.039000
21.043000 1.204000
19.287000 1.337000
21.101000 1.215000
19.371000 1.393000
19.986000 1.012000
19.816000 1.201000
19.782000 0.916000
20.074000 0.981000
20.165000 0.587000
#Band 32
21.302000 1.305000
21.663000 0.956000
20.515000 1.134000
22.781000 1.337000
20.922000 0.981000
21.552000 1.296000
21.125000 1.210000
21.114000 1.243000
21.093000 1.301000
20.987000 1.214000
22.887000 1.357000
20.095000 1.027000
21.407000 1.191000
21.699000 0.829000
21.646000 1.282000
20.728000 1.085000
22.127000 1.229000
21.049000 1.199000
20.619000 1.055000
22.238000 1.289000
21.614000 1.245000
21.919000 1.338000
20.287000 1.206000
22.101000 1.162000
20.378000 1.300000
21.595000 1.201000
21.629000 0.785000
21.443000 1.248000
21.398000 1.246000
20.687000 1.176000
22.604000 1.263000
20.618000 0.689000
#Band 33
21.302000 1.305000
22.042000 1.413000
22.679000 1.222000
23.251000 1.107000
23.028000 1.643000
23.194000 1.204000
23.061000 1.251000
23.455000 1.266000
23.070000 1.179000
24.671000 1.445000
23.741000 1.265000
24.249000 1.196000
24.007000 1.164000
21.800000 1.411000
22.404000 1.323000
22.513000 1.151000
24.133000 1.298000
23.698000 1.401000
23.708000 1.782000
23.099000 1.279000
23.743000 1.281000
23.873000 1.300000
24.177000 1.269000
23.665000 1.250000
24.175000 1.184000
23.331000 1.236000
22.584000 1.431000
22.394000 1.402000
22.485000 1.070000
23.391000 1.625000
22.841000 1.292000
22.779000 0.975000
#Band 34
21.422000 0.807000
23.392000 1.328000
24.451000 1.431000
25.423000 1.449000
24.385000 1.323000
24.325000 1.399000
25.166000 1.399000
25.620000 1.431000
24.951000 1.547000
24.852000 1.689000
24.175000 1.246000
26.151000 1.418000
25.583000 1.549000
21.800000 1.411000
23.097000 1.024000
23.314000 1.311000
24.201000 1.227000
24.516000 1.422000
24.622000 1.006000
24.066000 1.260000
24.644000 1.338000
25.776000 1.514000
24.998000 1.647000
24.414000 1.333000
26.342000 1.406000
25.538000 1.340000
22.584000 1.431000
24.326000 0.934000
23.616000 1.286000
24.228000 0.905000
24.113000 1.278000
22.779000 0.975000
#Band 35
24.388000 0.921000
25.262000 1.093000
25.573000 1.449000
25.812000 1.263000
25.130000 1.183000
26.109000 1.668000
26.977000 1.989000
26.897000 1.868000
25.630000 1.583000
25.656000 1.541000
26.072000 1.614000
27.617000 2.079000
25.929000 1.371000
23.941000 0.858000
24.780000 1.022000
26.230000 1.311000
26.225000 1.711000
25.544000 1.615000
25.293000 1.307000
26.002000 1.454000
26.283000 1.471000
26.238000 1.506000
25.868000 1.351000
25.722000 1.345000
27.388000 2.004000
25.832000 1.641000
23.341000 1.196000
24.804000 1.181000
26.309000 1.244000
25.527000 1.224000
25.921000 1.361000
23.152000 1.706000
#Band 36
25.604000 1.355000
25.486000 1.219000
27.326000 1.849000
26.993000 1.910000
25.899000 1.176000
27.185000 1.484000
27.877000 1.755000
27.445000 1.796000
27.424000 1.391000
27.037000 1.367000
27.430000 1.890000
27.809000 1.851000
26.335000 1.598000
24.335000 1.161000
25.540000 1.253000
27.137000 1.887000
27.169000 2.095000
27.421000 1.706000
26.367000 1.378000
26.840000 1.452000
27.387000 1.748000
27.445000 1.770000
26.575000 1.447000
27.056000 1.836000
27.923000 1.938000
27.287000 2.035000
23.341000 1.196000
25.609000 1.303000
26.909000 1.825000
26.190000 1.362000
26.330000 1.245000
23.152000 1.706000
#Band 37
25.604000 1.355000
26.021000 1.212000
28.733000 1.569000
27.138000 2.100000
26.797000 1.203000
27.829000 1.488000
28.795000 1.361000
29.042000 1.366000
28.015000 1.546000
27.862000 1.486000
28.404000 1.618000
29.466000 1.526000
27.660000 1.800000
24.335000 1.161000
25.764000 1.252000
28.122000 1.800000
27.730000 1.530000
28.732000 1.554000
26.754000 1.318000
27.659000 1.530000
28.131000 1.922000
27.979000 1.611000
27.257000 1.630000
28.032000 1.927000
29.439000 1.514000
27.362000 1.334000
23.717000 0.862000
26.122000 1.272000
27.652000 1.804000
26.737000 1.279000
27.597000 1.595000
24.535000 0.978000
#Band 38
26.026000 1.110000
28.620000 1.592000
29.147000 1.623000
29.731000 1.688000
27.863000 1.437000
29.248000 1.348000
29.441000 1.661000
29.595000 1.704000
29.103000 1.576000
30.381000 1.440000
28.872000 1.444000
29.500000 1.517000
28.444000 1.543000
27.561000 1.289000
28.069000 1.283000
28.580000 1.446000
29.729000 1.682000
30.107000 1.464000
27.429000 1.423000
28.321000 1.517000
29.772000 1.545000
29.547000 1.604000
29.695000 1.408000
29.836000 1.549000
29.523000 1.528000
29.400000 1.642000
27.081000 1.219000
27.186000 1.044000
28.674000 1.395000
27.023000 1.592000
28.183000 1.762000
25.703000 1.060000
#Band 39
26.026000 1.110000
28.621000 1.610000
31.614000 1.402000
30.194000 1.806000
28.128000 1.601000
29.761000 1.483000
30.913000 1.652000
30.948000 1.561000
30.475000 1.393000
31.099000 1.740000
30.671000 1.748000
31.441000 1.496000
29.573000 1.794000
27.561000 1.289000
29.101000 1.713000
31.803000 1.549000
29.934000 1.391000
31.376000 1.407000
27.919000 1.244000
29.449000 1.435000
30.462000 1.681000
30.716000 1.620000
31.145000 1.669000
30.472000 1.614000
31.312000 1.442000
29.440000 1.693000
29.294000 1.405000
28.188000 1.556000
31.524000 1.637000
27.846000 1.091000
29.337000 1.404000
30.017000 1.599000
