# /home/stevezhang/codes/project/mushroom/scripts/m_gap_degw -e CuAlO2.eqpeV_GW
#unit:eV nbands:34 nkpts:32
#KS degw 
#Band 7
-20.976000 -2.441000
-20.655000 -2.433000
-19.867000 -2.407000
-19.289000 -2.379000
-20.646000 -2.434000
-20.079000 -2.418000
-19.321000 -2.386000
-19.351000 -2.383000
-20.104000 -2.414000
-19.830000 -2.412000
-19.275000 -2.392000
-18.896000 -2.360000
-19.171000 -2.396000
-20.952000 -2.445000
-20.617000 -2.439000
-19.820000 -2.413000
-19.265000 -2.382000
-19.872000 -2.406000
-20.599000 -2.442000
-20.026000 -2.426000
-19.263000 -2.394000
-19.331000 -2.385000
-19.778000 -2.420000
-19.235000 -2.399000
-18.896000 -2.360000
-19.207000 -2.389000
-20.901000 -2.453000
-20.567000 -2.447000
-19.773000 -2.421000
-20.558000 -2.449000
-19.997000 -2.431000
-20.874000 -2.458000
#Band 8
-18.869000 -2.384000
-18.757000 -2.378000
-18.591000 -2.367000
-18.640000 -2.371000
-18.772000 -2.376000
-18.640000 -2.366000
-18.618000 -2.364000
-18.581000 -2.368000
-18.601000 -2.371000
-18.645000 -2.360000
-18.674000 -2.357000
-18.769000 -2.377000
-18.779000 -2.352000
-18.915000 -2.378000
-18.822000 -2.369000
-18.659000 -2.358000
-18.670000 -2.368000
-18.584000 -2.368000
-18.854000 -2.364000
-18.721000 -2.354000
-18.688000 -2.355000
-18.606000 -2.366000
-18.718000 -2.350000
-18.722000 -2.349000
-18.769000 -2.377000
-18.738000 -2.359000
-19.007000 -2.365000
-18.907000 -2.356000
-18.725000 -2.348000
-18.923000 -2.354000
-18.763000 -2.348000
-19.055000 -2.357000
#Band 9
-8.189000 -1.451000
-7.872000 -1.438000
-7.445000 -1.508000
-7.933000 -1.809000
-7.803000 -1.442000
-7.381000 -1.465000
-7.483000 -1.762000
-7.581000 -1.699000
-7.523000 -1.448000
-7.475000 -1.609000
-7.678000 -1.713000
-7.186000 -1.773000
-8.104000 -1.763000
-7.975000 -1.462000
-7.557000 -1.458000
-7.180000 -1.524000
-7.987000 -1.788000
-7.533000 -1.537000
-7.377000 -1.472000
-7.026000 -1.524000
-7.526000 -1.761000
-7.663000 -1.697000
-7.359000 -1.677000
-7.622000 -1.734000
-7.183000 -1.778000
-8.070000 -1.769000
-7.411000 -1.502000
-6.988000 -1.515000
-7.237000 -1.712000
-6.816000 -1.548000
-6.686000 -1.615000
-6.941000 -1.577000
#Band 10
-3.781000 -0.800000
-5.251000 -1.617000
-7.050000 -1.721000
-7.480000 -1.604000
-5.249000 -1.623000
-6.272000 -1.682000
-7.244000 -1.588000
-7.158000 -1.633000
-6.255000 -1.690000
-6.742000 -1.655000
-6.797000 -1.701000
-7.025000 -1.569000
-7.039000 -1.724000
-4.195000 -1.290000
-5.392000 -1.573000
-7.131000 -1.741000
-7.372000 -1.635000
-6.936000 -1.687000
-5.429000 -1.560000
-6.372000 -1.656000
-7.103000 -1.620000
-6.962000 -1.657000
-6.629000 -1.654000
-6.882000 -1.681000
-7.029000 -1.564000
-7.158000 -1.689000
-5.018000 -1.324000
-5.744000 -1.489000
-6.832000 -1.604000
-5.855000 -1.444000
-6.581000 -1.588000
-5.600000 -1.260000
#Band 11
-3.767000 -1.604000
-4.223000 -1.394000
-5.315000 -1.561000
-5.353000 -1.433000
-4.310000 -1.384000
-5.569000 -1.626000
-5.713000 -1.619000
-5.874000 -1.602000
-5.592000 -1.630000
-5.412000 -1.515000
-5.932000 -1.540000
-6.603000 -1.692000
-5.116000 -1.296000
-3.716000 -1.606000
-4.128000 -1.499000
-5.181000 -1.541000
-5.268000 -1.420000
-5.372000 -1.560000
-4.377000 -1.483000
-5.462000 -1.617000
-5.578000 -1.652000
-5.960000 -1.581000
-5.267000 -1.452000
-5.707000 -1.587000
-6.599000 -1.693000
-5.133000 -1.359000
-3.589000 -0.890000
-4.135000 -1.496000
-4.947000 -1.550000
-4.346000 -1.515000
-5.340000 -1.623000
-3.589000 -0.871000
#Band 12
-3.767000 -1.604000
-4.033000 -1.618000
-4.498000 -1.644000
-4.706000 -1.657000
-3.958000 -1.622000
-4.192000 -1.585000
-5.065000 -1.511000
-4.932000 -1.549000
-4.211000 -1.581000
-4.317000 -1.662000
-4.540000 -1.543000
-5.141000 -1.656000
-4.484000 -1.683000
-3.716000 -1.606000
-4.010000 -1.618000
-4.470000 -1.646000
-4.661000 -1.661000
-4.434000 -1.650000
-3.821000 -1.635000
-4.185000 -1.481000
-4.979000 -1.441000
-4.718000 -1.561000
-4.274000 -1.370000
-4.653000 -1.451000
-5.150000 -1.648000
-4.553000 -1.672000
-3.580000 -1.613000
-3.959000 -1.437000
-4.554000 -1.293000
-3.892000 -1.353000
-4.376000 -1.292000
-3.462000 -1.630000
#Band 13
-3.659000 -1.436000
-3.193000 -1.447000
-3.466000 -1.417000
-3.788000 -1.457000
-3.276000 -1.369000
-3.529000 -1.492000
-3.863000 -1.601000
-3.975000 -1.583000
-3.442000 -1.572000
-3.738000 -1.402000
-4.397000 -1.532000
-4.609000 -1.408000
-4.380000 -1.508000
-3.601000 -0.992000
-3.592000 -1.373000
-3.956000 -1.368000
-3.977000 -1.451000
-3.393000 -1.444000
-3.653000 -1.271000
-3.889000 -1.445000
-4.121000 -1.478000
-4.200000 -1.561000
-4.269000 -1.669000
-4.405000 -1.495000
-4.595000 -1.415000
-4.286000 -1.471000
-3.580000 -1.613000
-3.898000 -1.626000
-4.365000 -1.656000
-3.774000 -1.641000
-3.944000 -1.616000
-3.462000 -1.630000
#Band 14
-2.602000 -1.580000
-2.851000 -1.134000
-2.989000 -1.607000
-3.120000 -1.617000
-2.891000 -1.582000
-3.342000 -1.491000
-3.627000 -1.452000
-3.394000 -1.485000
-3.103000 -1.479000
-3.372000 -1.584000
-3.782000 -1.494000
-3.699000 -1.490000
-3.586000 -1.583000
-2.706000 -1.579000
-2.978000 -1.078000
-3.058000 -1.604000
-3.234000 -1.610000
-3.142000 -1.598000
-3.128000 -1.571000
-3.606000 -1.582000
-3.853000 -1.558000
-3.490000 -1.486000
-3.451000 -1.577000
-3.948000 -1.559000
-3.708000 -1.488000
-3.462000 -1.594000
-2.940000 -1.574000
-3.056000 -1.002000
-3.282000 -1.591000
-3.196000 -1.567000
-3.722000 -1.572000
-3.100000 -1.561000
#Band 15
-2.602000 -1.580000
-2.729000 -1.588000
-2.516000 -1.398000
-2.574000 -1.506000
-2.749000 -1.222000
-2.230000 -1.162000
-2.172000 -1.567000
-2.184000 -1.554000
-2.287000 -1.113000
-2.501000 -1.417000
-2.223000 -1.564000
-1.748000 -1.654000
-2.580000 -1.494000
-2.706000 -1.579000
-2.778000 -1.588000
-2.522000 -1.403000
-2.574000 -1.502000
-2.517000 -1.387000
-2.797000 -1.216000
-2.207000 -1.175000
-2.192000 -1.576000
-2.207000 -1.557000
-2.501000 -1.426000
-2.218000 -1.572000
-1.746000 -1.655000
-2.578000 -1.497000
-2.940000 -1.574000
-2.997000 -1.581000
-2.517000 -1.410000
-2.966000 -1.094000
-2.221000 -1.159000
-3.100000 -1.561000
#Band 16
-1.730000 -1.722000
-1.806000 -1.685000
-1.374000 -1.655000
-1.473000 -1.653000
-1.803000 -1.683000
-1.934000 -1.674000
-1.452000 -1.648000
-1.413000 -1.670000
-1.928000 -1.675000
-1.547000 -1.656000
-1.598000 -1.650000
-1.690000 -1.668000
-1.703000 -1.636000
-1.730000 -1.722000
-1.805000 -1.688000
-1.309000 -1.645000
-1.471000 -1.659000
-1.469000 -1.643000
-1.802000 -1.684000
-1.947000 -1.674000
-1.428000 -1.655000
-1.521000 -1.645000
-1.458000 -1.669000
-1.504000 -1.660000
-1.703000 -1.664000
-1.594000 -1.646000
-1.730000 -1.722000
-1.806000 -1.689000
-1.325000 -1.661000
-1.806000 -1.688000
-1.954000 -1.676000
-1.730000 -1.722000
#Band 17
-1.730000 -1.722000
-1.544000 -1.737000
-1.247000 -1.316000
-1.188000 -1.726000
-1.545000 -1.737000
-1.355000 -1.694000
-1.369000 -1.679000
-1.408000 -1.635000
-1.318000 -1.693000
-1.168000 -1.770000
-1.361000 -1.669000
-1.470000 -1.671000
-0.967000 -1.788000
-1.730000 -1.722000
-1.546000 -1.737000
-1.168000 -1.768000
-1.105000 -1.721000
-1.267000 -1.334000
-1.547000 -1.738000
-1.296000 -1.690000
-1.348000 -1.685000
-1.377000 -1.655000
-1.168000 -1.770000
-1.353000 -1.676000
-1.409000 -1.681000
-0.967000 -1.787000
-1.730000 -1.722000
-1.548000 -1.737000
-1.168000 -1.769000
-1.548000 -1.738000
-1.215000 -1.692000
-1.730000 -1.722000
#Band 18
-0.993000 -1.733000
-1.130000 -1.713000
-1.166000 -1.770000
-0.967000 -1.788000
-1.190000 -1.716000
-1.093000 -1.649000
-1.212000 -1.709000
-1.249000 -1.709000
-1.131000 -1.701000
-1.145000 -1.320000
-1.017000 -1.712000
-1.238000 -1.693000
-0.887000 -1.715000
-0.933000 -1.725000
-1.038000 -1.710000
-1.119000 -1.332000
-0.967000 -1.788000
-1.168000 -1.770000
-1.147000 -1.712000
-1.060000 -1.638000
-1.130000 -1.709000
-1.134000 -1.708000
-1.060000 -1.300000
-1.034000 -1.710000
-1.289000 -1.683000
-0.955000 -1.717000
-0.825000 -1.714000
-0.981000 -1.712000
-1.051000 -1.315000
-1.031000 -1.711000
-1.051000 -1.638000
-0.776000 -1.711000
#Band 19
-0.993000 -1.733000
-1.045000 -1.732000
-1.142000 -1.728000
-0.083000 -1.310000
-0.942000 -1.722000
-1.041000 -1.718000
-0.236000 -1.346000
-0.358000 -1.351000
-1.112000 -1.680000
-0.896000 -1.716000
-0.207000 -1.348000
-0.032000 -1.245000
0.000000 -1.333000
-0.933000 -1.725000
-1.014000 -1.727000
-1.092000 -1.725000
-0.095000 -1.296000
-1.033000 -1.721000
-0.825000 -1.714000
-0.951000 -1.715000
-0.135000 -1.339000
-0.338000 -1.353000
-0.858000 -1.715000
-0.122000 -1.341000
-0.030000 -1.247000
-0.046000 -1.313000
-0.825000 -1.714000
-0.888000 -1.716000
-0.948000 -1.717000
-0.801000 -1.712000
-0.938000 -1.710000
-0.776000 -1.711000
#Band 20
1.933000 0.009000
2.388000 -0.041000
2.795000 -0.070000
2.604000 0.026000
2.502000 -0.049000
2.927000 -0.089000
3.190000 -0.052000
3.444000 -0.074000
2.873000 -0.070000
3.115000 -0.093000
3.508000 -0.071000
5.329000 -0.102000
2.951000 0.006000
2.246000 -0.012000
2.725000 -0.084000
2.660000 -0.085000
2.681000 0.015000
3.014000 -0.069000
2.974000 -0.105000
3.018000 -0.125000
3.094000 -0.040000
3.601000 -0.081000
2.968000 -0.110000
3.256000 -0.052000
5.334000 -0.103000
2.854000 0.006000
2.982000 -0.047000
3.203000 -0.137000
2.734000 -0.101000
3.354000 -0.159000
3.057000 -0.140000
3.591000 -0.166000
#Band 21
6.160000 0.376000
7.112000 0.384000
7.619000 0.438000
6.062000 0.128000
7.005000 0.360000
8.117000 0.489000
7.242000 0.080000
7.076000 0.118000
8.643000 0.363000
7.540000 0.395000
7.362000 0.069000
5.575000 -0.111000
6.829000 0.122000
5.906000 0.313000
6.631000 0.371000
7.734000 0.525000
6.253000 0.128000
7.561000 0.370000
6.367000 0.361000
7.776000 0.484000
7.481000 0.018000
7.139000 0.114000
7.649000 0.467000
7.533000 0.016000
5.569000 -0.110000
6.644000 0.121000
5.179000 0.272000
6.078000 0.375000
7.770000 0.532000
5.913000 0.385000
7.660000 0.484000
4.552000 0.359000
#Band 22
7.252000 0.479000
8.016000 0.553000
8.361000 0.346000
7.798000 0.572000
7.942000 0.566000
9.272000 0.567000
8.901000 0.641000
9.024000 0.642000
8.650000 0.673000
8.376000 0.452000
9.463000 0.618000
8.764000 0.476000
8.571000 0.593000
7.212000 0.514000
8.318000 0.565000
8.568000 0.240000
7.834000 0.566000
8.249000 0.435000
8.210000 0.561000
9.818000 0.583000
8.910000 0.649000
9.183000 0.618000
8.683000 0.404000
9.199000 0.639000
8.764000 0.476000
8.021000 0.558000
7.265000 0.522000
8.472000 0.561000
8.794000 0.257000
8.430000 0.555000
10.130000 0.621000
7.321000 0.513000
#Band 23
11.803000 0.499000
11.692000 0.489000
10.554000 0.441000
10.980000 0.558000
11.745000 0.576000
10.648000 0.205000
10.679000 0.399000
10.282000 0.354000
10.715000 0.180000
10.113000 0.326000
9.683000 0.560000
10.044000 0.858000
8.617000 0.487000
11.973000 0.516000
11.619000 0.582000
10.642000 0.557000
10.472000 0.555000
10.288000 0.369000
11.633000 0.650000
10.476000 0.355000
10.787000 0.597000
10.051000 0.439000
9.939000 0.322000
10.026000 0.591000
10.044000 0.858000
9.513000 0.540000
12.204000 0.558000
11.535000 0.632000
10.081000 0.439000
11.524000 0.638000
10.229000 0.350000
12.274000 0.583000
#Band 24
13.826000 1.035000
12.341000 0.764000
11.206000 0.526000
11.550000 0.760000
12.351000 0.669000
11.097000 0.599000
11.344000 0.507000
10.881000 0.472000
11.079000 0.596000
11.492000 0.606000
10.325000 0.430000
11.513000 0.616000
11.295000 0.421000
13.835000 1.027000
12.352000 0.572000
11.093000 0.393000
11.602000 0.721000
11.368000 0.576000
12.457000 0.525000
11.187000 0.453000
10.937000 0.542000
10.387000 0.461000
11.569000 0.639000
10.623000 0.500000
11.536000 0.638000
11.430000 0.527000
13.857000 1.011000
12.542000 0.522000
11.463000 0.531000
12.593000 0.542000
11.542000 0.415000
13.870000 1.004000
#Band 25
13.826000 1.035000
13.408000 0.402000
12.014000 0.690000
12.396000 0.444000
13.190000 0.454000
11.972000 0.418000
11.521000 0.598000
11.789000 0.687000
12.081000 0.470000
11.954000 0.561000
11.908000 0.421000
12.031000 0.590000
12.238000 0.392000
13.835000 1.027000
13.554000 0.719000
11.861000 0.729000
12.281000 0.380000
11.933000 0.630000
13.260000 0.607000
12.227000 0.502000
11.677000 0.575000
11.868000 0.596000
12.229000 0.360000
11.918000 0.392000
11.814000 0.482000
12.227000 0.382000
13.857000 1.011000
13.318000 0.731000
11.862000 0.607000
13.294000 0.688000
12.048000 0.619000
13.870000 1.004000
#Band 26
15.280000 0.854000
14.147000 0.757000
13.815000 0.603000
13.901000 0.403000
14.409000 1.085000
12.808000 0.636000
11.943000 0.596000
12.302000 0.553000
12.545000 0.577000
13.564000 0.626000
12.629000 0.533000
12.108000 0.423000
13.220000 0.542000
15.260000 0.870000
14.112000 0.526000
13.453000 0.602000
13.687000 0.469000
14.262000 0.634000
14.441000 1.092000
12.756000 0.609000
11.883000 0.353000
12.495000 0.523000
12.687000 0.780000
12.393000 0.433000
12.620000 0.342000
13.358000 0.526000
15.208000 0.896000
14.501000 1.060000
13.064000 0.647000
14.491000 1.085000
12.975000 0.520000
15.177000 0.905000
#Band 27
15.280000 0.854000
14.415000 1.064000
14.552000 0.512000
14.510000 0.473000
14.940000 0.778000
14.152000 0.627000
13.743000 0.679000
14.161000 0.688000
14.861000 0.765000
14.025000 0.655000
12.906000 0.729000
12.999000 0.538000
13.331000 0.861000
15.260000 0.870000
14.455000 1.047000
14.525000 0.450000
14.026000 0.591000
14.318000 0.633000
15.683000 0.677000
13.489000 0.524000
13.338000 0.638000
13.679000 0.639000
13.991000 0.634000
12.759000 0.762000
12.632000 0.704000
13.508000 0.776000
15.208000 0.896000
14.715000 0.517000
14.196000 0.577000
15.288000 0.510000
13.045000 0.469000
15.177000 0.905000
#Band 28
15.288000 0.759000
15.816000 0.731000
15.431000 1.049000
15.484000 1.143000
16.164000 0.800000
15.684000 1.013000
15.381000 0.698000
15.289000 0.677000
15.421000 0.779000
15.941000 0.911000
15.757000 1.002000
15.438000 0.701000
16.196000 1.045000
15.423000 0.772000
15.567000 0.734000
15.344000 1.119000
15.704000 1.089000
15.773000 0.926000
16.143000 0.869000
15.321000 1.015000
14.903000 0.853000
15.514000 0.913000
15.846000 0.942000
15.174000 0.920000
15.637000 0.728000
16.049000 1.051000
15.732000 0.786000
15.479000 0.735000
15.597000 1.002000
15.671000 0.753000
15.128000 1.032000
15.892000 0.784000
#Band 29
18.892000 0.410000
17.291000 0.667000
17.164000 0.763000
15.726000 0.602000
17.163000 0.614000
16.394000 0.850000
16.982000 0.808000
16.886000 0.893000
16.193000 1.015000
17.177000 0.787000
16.806000 0.682000
16.897000 0.914000
17.330000 0.709000
18.937000 0.412000
17.284000 0.733000
17.149000 0.697000
16.417000 0.646000
16.410000 0.705000
16.834000 0.768000
17.026000 0.905000
17.788000 0.863000
17.060000 0.793000
17.354000 0.750000
17.447000 0.807000
16.618000 0.827000
17.109000 0.694000
19.332000 0.437000
17.392000 0.856000
17.164000 0.716000
17.241000 0.941000
17.263000 0.929000
19.302000 0.925000
#Band 30
19.854000 0.864000
18.076000 0.740000
17.565000 0.571000
17.102000 0.704000
17.206000 0.634000
18.315000 0.777000
18.128000 0.855000
17.885000 0.745000
18.086000 0.698000
17.953000 0.609000
19.060000 0.820000
18.380000 0.674000
19.728000 0.427000
19.588000 0.852000
18.630000 0.807000
18.571000 0.619000
17.423000 0.619000
17.608000 0.600000
16.895000 0.537000
18.730000 0.863000
18.794000 0.851000
18.404000 0.758000
19.290000 0.964000
19.094000 0.818000
18.806000 0.833000
18.537000 0.576000
19.351000 0.887000
18.235000 0.784000
19.302000 0.528000
17.507000 0.694000
18.960000 0.897000
19.302000 0.925000
#Band 31
19.854000 0.864000
19.712000 0.760000
19.830000 1.037000
19.745000 0.473000
19.146000 0.794000
19.785000 0.811000
20.332000 0.839000
19.979000 0.811000
19.966000 0.876000
19.046000 0.958000
20.232000 0.850000
19.832000 1.034000
20.289000 0.838000
19.588000 0.852000
19.971000 0.635000
20.196000 1.095000
20.254000 0.534000
19.246000 0.977000
19.202000 0.726000
19.852000 0.762000
20.073000 0.695000
19.493000 0.762000
19.456000 0.667000
20.963000 0.863000
19.256000 0.785000
20.928000 0.628000
19.351000 0.887000
19.915000 0.540000
19.793000 1.011000
19.701000 0.592000
20.026000 0.748000
20.163000 0.470000
#Band 32
21.118000 0.845000
21.586000 0.691000
20.329000 0.497000
22.755000 1.128000
20.861000 0.620000
21.474000 0.899000
21.039000 0.782000
21.030000 0.844000
21.001000 0.853000
20.819000 0.576000
22.776000 0.955000
20.041000 0.811000
21.309000 0.836000
21.634000 0.874000
21.560000 1.043000
20.546000 0.563000
22.025000 0.868000
20.869000 0.552000
20.565000 0.640000
22.171000 0.858000
21.550000 0.887000
21.826000 0.937000
20.170000 0.649000
22.046000 0.916000
20.335000 0.959000
21.495000 0.843000
21.621000 0.640000
21.412000 1.002000
21.333000 0.895000
20.647000 0.797000
22.525000 0.706000
20.602000 0.581000
#Band 33
21.118000 0.845000
21.956000 1.147000
22.529000 0.894000
22.979000 0.592000
22.945000 1.310000
23.030000 0.701000
22.885000 0.714000
23.248000 0.690000
22.910000 0.652000
24.478000 0.991000
23.489000 0.728000
24.183000 0.998000
23.788000 0.807000
21.634000 0.874000
22.362000 1.121000
22.350000 0.789000
23.981000 0.857000
23.545000 1.096000
23.661000 1.449000
22.980000 0.987000
23.567000 0.758000
23.611000 0.683000
23.995000 0.924000
23.448000 0.703000
24.104000 0.982000
23.218000 0.856000
22.347000 0.634000
22.316000 1.102000
22.347000 0.767000
23.343000 1.305000
22.772000 1.131000
22.349000 0.265000
#Band 34
21.409000 0.633000
23.345000 1.101000
24.341000 1.097000
25.388000 0.984000
24.311000 1.043000
24.195000 1.049000
24.967000 1.057000
25.422000 1.074000
24.847000 1.208000
24.722000 1.396000
24.029000 0.904000
26.025000 1.173000
25.489000 1.246000
21.688000 0.650000
23.010000 0.773000
23.253000 0.998000
24.034000 0.862000
24.350000 1.001000
24.511000 0.785000
23.898000 0.845000
24.469000 1.021000
25.606000 1.150000
24.920000 1.319000
24.253000 1.003000
26.210000 1.163000
25.242000 0.967000
22.347000 0.634000
24.208000 0.705000
23.459000 0.930000
24.170000 0.764000
23.953000 0.983000
22.349000 0.265000
#Band 35
24.381000 0.793000
25.080000 0.756000
25.447000 0.964000
25.573000 0.834000
25.018000 0.944000
25.933000 1.274000
26.897000 1.702000
26.827000 1.625000
25.463000 1.189000
25.565000 1.155000
25.962000 1.291000
27.518000 1.739000
25.916000 1.092000
23.910000 0.722000
24.624000 0.741000
26.050000 0.911000
26.114000 1.273000
25.463000 1.172000
25.222000 1.011000
25.747000 1.067000
26.090000 1.163000
26.176000 1.263000
25.741000 0.992000
25.505000 0.994000
27.301000 1.691000
25.740000 1.291000
23.109000 0.967000
24.686000 0.914000
26.139000 0.919000
25.321000 0.793000
25.596000 0.882000
23.116000 1.276000
#Band 36
25.096000 0.888000
25.371000 0.951000
27.110000 1.509000
26.951000 1.644000
25.750000 0.886000
27.015000 1.227000
27.740000 1.433000
27.373000 1.524000
27.229000 1.101000
26.657000 0.978000
27.317000 1.621000
27.683000 1.533000
25.979000 1.161000
24.010000 0.782000
25.203000 0.781000
26.907000 1.574000
27.107000 1.917000
27.167000 1.337000
26.236000 1.112000
26.558000 0.954000
27.286000 1.501000
27.371000 1.569000
26.130000 1.108000
26.993000 1.573000
27.799000 1.598000
27.218000 1.854000
23.109000 0.967000
25.235000 0.786000
26.619000 1.528000
25.768000 0.771000
26.023000 0.745000
23.116000 1.276000
#Band 37
25.096000 0.888000
25.731000 0.789000
28.605000 1.300000
27.079000 1.927000
26.620000 0.861000
27.353000 0.950000
28.578000 1.122000
28.780000 1.068000
27.494000 1.048000
27.798000 1.274000
28.279000 1.392000
29.018000 1.053000
27.498000 1.671000
24.010000 0.782000
25.620000 0.922000
28.045000 1.529000
27.621000 1.322000
28.636000 1.343000
26.355000 0.775000
27.390000 1.192000
28.001000 1.623000
27.778000 1.301000
27.178000 1.304000
27.899000 1.656000
28.987000 1.035000
27.277000 1.123000
23.657000 0.664000
25.972000 0.933000
27.552000 1.461000
26.609000 0.943000
27.350000 1.226000
24.434000 0.677000
#Band 38
26.015000 0.971000
28.139000 1.143000
29.018000 1.399000
29.693000 1.519000
27.262000 0.900000
29.093000 1.049000
29.339000 1.426000
29.501000 1.483000
29.010000 1.300000
30.220000 1.261000
28.664000 1.171000
29.030000 1.023000
28.430000 1.394000
27.378000 1.062000
27.908000 0.947000
28.393000 1.117000
29.686000 1.482000
29.990000 1.307000
27.142000 0.928000
28.091000 1.209000
29.609000 1.265000
29.387000 1.362000
29.495000 1.179000
29.678000 1.258000
29.058000 1.042000
29.291000 1.496000
26.980000 0.915000
27.004000 0.732000
28.502000 1.081000
26.865000 1.335000
28.009000 1.432000
25.692000 0.875000
#Band 39
26.015000 0.971000
28.294000 1.084000
31.442000 1.198000
30.105000 1.673000
27.803000 1.045000
29.544000 1.295000
30.693000 1.365000
30.564000 1.203000
30.371000 1.202000
31.002000 1.510000
30.561000 1.580000
31.286000 1.222000
29.557000 1.625000
27.378000 1.062000
28.607000 1.263000
31.403000 1.140000
29.846000 1.265000
31.307000 1.235000
27.417000 0.803000
29.316000 1.223000
30.341000 1.529000
30.455000 1.365000
30.914000 1.255000
30.272000 1.335000
31.131000 1.158000
29.352000 1.436000
29.028000 1.200000
28.016000 1.292000
31.178000 1.079000
27.656000 1.008000
29.203000 1.184000
29.185000 1.106000
#Band 40
28.939000 0.971000
29.651000 1.084000
31.545000 1.229000
31.193000 1.319000
29.196000 1.029000
30.632000 1.282000
31.430000 1.294000
31.472000 1.508000
31.119000 1.219000
31.376000 1.216000
30.837000 1.152000
32.442000 1.287000
30.600000 1.313000
28.505000 0.971000
29.164000 1.077000
31.722000 1.338000
29.956000 1.644000
31.329000 1.231000
28.598000 1.002000
30.923000 1.261000
31.161000 1.075000
31.701000 1.424000
31.058000 1.319000
30.539000 1.280000
32.166000 1.461000
29.837000 1.406000
29.028000 1.200000
28.297000 1.203000
31.425000 1.406000
27.660000 0.837000
31.149000 1.141000
29.185000 1.106000
