# /home/minyez/Documents/SelfDevelopment/codes/mushroom/scripts/m_gap_degw -e CuAlO2.eqpeV_GW0 -o degw-gw0.dat
#unit:eV nbands:34 nkpts:32
#KS degw 
#Band 7
-20.976000 -3.171000
-20.655000 -3.159000
-19.867000 -3.125000
-19.289000 -3.093000
-20.646000 -3.160000
-20.079000 -3.138000
-19.321000 -3.100000
-19.351000 -3.097000
-20.104000 -3.135000
-19.830000 -3.129000
-19.275000 -3.105000
-18.896000 -3.071000
-19.171000 -3.108000
-20.952000 -3.174000
-20.617000 -3.164000
-19.820000 -3.131000
-19.265000 -3.095000
-19.872000 -3.125000
-20.599000 -3.167000
-20.026000 -3.145000
-19.263000 -3.107000
-19.331000 -3.099000
-19.778000 -3.136000
-19.235000 -3.111000
-18.896000 -3.071000
-19.207000 -3.102000
-20.901000 -3.182000
-20.567000 -3.171000
-19.773000 -3.137000
-20.558000 -3.173000
-19.997000 -3.149000
-20.874000 -3.186000
#Band 8
-18.869000 -3.092000
-18.757000 -3.085000
-18.591000 -3.074000
-18.640000 -3.079000
-18.772000 -3.083000
-18.640000 -3.073000
-18.618000 -3.072000
-18.581000 -3.076000
-18.601000 -3.077000
-18.645000 -3.068000
-18.674000 -3.065000
-18.769000 -3.086000
-18.779000 -3.062000
-18.915000 -3.086000
-18.822000 -3.077000
-18.659000 -3.066000
-18.670000 -3.076000
-18.584000 -3.075000
-18.854000 -3.073000
-18.721000 -3.063000
-18.688000 -3.064000
-18.606000 -3.073000
-18.718000 -3.058000
-18.722000 -3.059000
-18.769000 -3.086000
-18.738000 -3.068000
-19.007000 -3.074000
-18.907000 -3.066000
-18.725000 -3.057000
-18.923000 -3.063000
-18.763000 -3.057000
-19.055000 -3.068000
#Band 9
-8.189000 -1.909000
-7.872000 -1.900000
-7.445000 -1.985000
-7.933000 -2.282000
-7.803000 -1.903000
-7.381000 -1.936000
-7.483000 -2.231000
-7.581000 -2.176000
-7.523000 -1.922000
-7.475000 -2.088000
-7.678000 -2.199000
-7.186000 -2.249000
-8.104000 -2.254000
-7.975000 -1.917000
-7.557000 -1.913000
-7.180000 -1.994000
-7.987000 -2.267000
-7.533000 -2.017000
-7.377000 -1.923000
-7.026000 -1.984000
-7.526000 -2.234000
-7.663000 -2.180000
-7.359000 -2.151000
-7.622000 -2.216000
-7.183000 -2.253000
-8.070000 -2.256000
-7.411000 -1.945000
-6.988000 -1.955000
-7.237000 -2.178000
-6.816000 -1.984000
-6.686000 -2.061000
-6.941000 -2.008000
#Band 10
-3.781000 -1.403000
-5.251000 -2.070000
-7.050000 -2.188000
-7.480000 -2.091000
-5.249000 -2.080000
-6.272000 -2.142000
-7.244000 -2.069000
-7.158000 -2.114000
-6.255000 -2.160000
-6.742000 -2.121000
-6.797000 -2.159000
-7.025000 -2.047000
-7.039000 -2.182000
-4.195000 -1.699000
-5.392000 -2.008000
-7.131000 -2.201000
-7.372000 -2.117000
-6.936000 -2.162000
-5.429000 -1.997000
-6.372000 -2.102000
-7.103000 -2.095000
-6.962000 -2.132000
-6.629000 -2.101000
-6.882000 -2.141000
-7.029000 -2.044000
-7.158000 -2.158000
-5.018000 -1.718000
-5.744000 -1.915000
-6.832000 -2.060000
-5.855000 -1.873000
-6.581000 -2.040000
-5.600000 -1.666000
#Band 11
-3.767000 -2.083000
-4.223000 -1.855000
-5.315000 -2.028000
-5.353000 -1.933000
-4.310000 -1.829000
-5.569000 -2.080000
-5.713000 -2.087000
-5.874000 -2.072000
-5.592000 -2.074000
-5.412000 -1.956000
-5.932000 -2.005000
-6.603000 -2.151000
-5.116000 -1.787000
-3.716000 -2.079000
-4.128000 -1.978000
-5.181000 -2.030000
-5.268000 -1.904000
-5.372000 -1.997000
-4.377000 -1.934000
-5.462000 -2.084000
-5.578000 -2.102000
-5.960000 -2.043000
-5.267000 -1.919000
-5.707000 -2.041000
-6.599000 -2.151000
-5.133000 -1.830000
-3.589000 -1.504000
-4.135000 -1.973000
-4.947000 -2.018000
-4.346000 -1.985000
-5.340000 -2.084000
-3.589000 -1.493000
#Band 12
-3.767000 -2.083000
-4.033000 -2.093000
-4.498000 -2.117000
-4.706000 -2.130000
-3.958000 -2.088000
-4.192000 -2.057000
-5.065000 -2.005000
-4.932000 -2.026000
-4.211000 -2.049000
-4.317000 -2.107000
-4.540000 -1.997000
-5.141000 -2.129000
-4.484000 -2.119000
-3.716000 -2.079000
-4.010000 -2.091000
-4.470000 -2.116000
-4.661000 -2.128000
-4.434000 -2.114000
-3.821000 -2.077000
-4.185000 -1.954000
-4.979000 -1.930000
-4.718000 -2.013000
-4.274000 -1.833000
-4.653000 -1.916000
-5.150000 -2.126000
-4.553000 -2.123000
-3.580000 -2.068000
-3.959000 -1.922000
-4.554000 -1.775000
-3.892000 -1.857000
-4.376000 -1.784000
-3.462000 -2.050000
#Band 13
-3.659000 -1.816000
-3.193000 -1.857000
-3.466000 -1.833000
-3.788000 -1.854000
-3.276000 -1.813000
-3.529000 -1.936000
-3.863000 -2.044000
-3.975000 -2.033000
-3.442000 -2.013000
-3.738000 -1.836000
-4.397000 -2.006000
-4.609000 -1.897000
-4.380000 -1.918000
-3.601000 -1.561000
-3.592000 -1.822000
-3.956000 -1.809000
-3.977000 -1.876000
-3.393000 -1.861000
-3.653000 -1.766000
-3.889000 -1.911000
-4.121000 -1.957000
-4.200000 -2.037000
-4.269000 -2.103000
-4.405000 -1.973000
-4.595000 -1.898000
-4.286000 -1.909000
-3.580000 -2.068000
-3.898000 -2.082000
-4.365000 -2.110000
-3.774000 -2.070000
-3.944000 -2.069000
-3.462000 -2.050000
#Band 14
-2.602000 -1.987000
-2.851000 -1.699000
-2.989000 -2.026000
-3.120000 -2.036000
-2.891000 -2.032000
-3.342000 -1.927000
-3.627000 -1.880000
-3.394000 -1.904000
-3.103000 -1.884000
-3.372000 -2.079000
-3.782000 -1.957000
-3.699000 -1.922000
-3.586000 -2.095000
-2.706000 -2.009000
-2.978000 -1.639000
-3.058000 -2.038000
-3.234000 -2.054000
-3.142000 -2.050000
-3.128000 -2.067000
-3.606000 -2.051000
-3.853000 -2.009000
-3.490000 -1.924000
-3.451000 -2.089000
-3.948000 -2.039000
-3.708000 -1.926000
-3.462000 -2.081000
-2.940000 -2.048000
-3.056000 -1.574000
-3.282000 -2.070000
-3.196000 -2.080000
-3.722000 -2.069000
-3.100000 -2.076000
#Band 15
-2.602000 -1.987000
-2.729000 -2.003000
-2.516000 -2.093000
-2.574000 -2.231000
-2.749000 -1.758000
-2.230000 -1.765000
-2.172000 -2.275000
-2.184000 -2.262000
-2.287000 -1.734000
-2.501000 -2.116000
-2.223000 -2.280000
-1.748000 -2.370000
-2.580000 -2.219000
-2.706000 -2.009000
-2.778000 -2.015000
-2.522000 -2.098000
-2.574000 -2.227000
-2.517000 -2.085000
-2.797000 -1.745000
-2.207000 -1.771000
-2.192000 -2.289000
-2.207000 -2.268000
-2.501000 -2.124000
-2.218000 -2.288000
-1.746000 -2.371000
-2.578000 -2.222000
-2.940000 -2.048000
-2.997000 -2.051000
-2.517000 -2.107000
-2.966000 -1.648000
-2.221000 -1.755000
-3.100000 -2.077000
#Band 16
-1.730000 -2.468000
-1.806000 -2.419000
-1.374000 -2.384000
-1.473000 -2.387000
-1.803000 -2.415000
-1.934000 -2.403000
-1.452000 -2.376000
-1.413000 -2.391000
-1.928000 -2.403000
-1.547000 -2.400000
-1.598000 -2.395000
-1.690000 -2.378000
-1.703000 -2.385000
-1.730000 -2.468000
-1.805000 -2.422000
-1.309000 -2.364000
-1.471000 -2.388000
-1.469000 -2.370000
-1.802000 -2.416000
-1.947000 -2.406000
-1.428000 -2.374000
-1.521000 -2.374000
-1.458000 -2.408000
-1.504000 -2.394000
-1.703000 -2.377000
-1.594000 -2.382000
-1.730000 -2.468000
-1.806000 -2.423000
-1.325000 -2.382000
-1.806000 -2.422000
-1.954000 -2.410000
-1.730000 -2.468000
#Band 17
-1.730000 -2.468000
-1.544000 -2.473000
-1.247000 -1.924000
-1.188000 -2.470000
-1.545000 -2.475000
-1.355000 -2.436000
-1.369000 -2.389000
-1.408000 -2.342000
-1.318000 -2.425000
-1.168000 -2.495000
-1.361000 -2.369000
-1.470000 -2.414000
-0.967000 -2.507000
-1.730000 -2.468000
-1.546000 -2.474000
-1.168000 -2.493000
-1.105000 -2.452000
-1.267000 -1.956000
-1.547000 -2.476000
-1.296000 -2.425000
-1.348000 -2.395000
-1.377000 -2.357000
-1.168000 -2.495000
-1.353000 -2.377000
-1.409000 -2.414000
-0.967000 -2.506000
-1.730000 -2.468000
-1.548000 -2.475000
-1.168000 -2.494000
-1.548000 -2.475000
-1.215000 -2.416000
-1.730000 -2.468000
#Band 18
-0.993000 -2.460000
-1.130000 -2.443000
-1.166000 -2.494000
-0.967000 -2.507000
-1.190000 -2.454000
-1.093000 -2.333000
-1.212000 -2.443000
-1.249000 -2.449000
-1.131000 -2.416000
-1.145000 -1.915000
-1.017000 -2.427000
-1.238000 -2.418000
-0.887000 -2.418000
-0.933000 -2.440000
-1.038000 -2.431000
-1.119000 -1.922000
-0.967000 -2.507000
-1.168000 -2.495000
-1.147000 -2.445000
-1.060000 -2.313000
-1.130000 -2.436000
-1.134000 -2.436000
-1.060000 -1.876000
-1.034000 -2.427000
-1.289000 -2.414000
-0.955000 -2.427000
-0.825000 -2.410000
-0.981000 -2.426000
-1.051000 -1.892000
-1.031000 -2.430000
-1.051000 -2.312000
-0.776000 -2.400000
#Band 19
-0.993000 -2.460000
-1.045000 -2.464000
-1.142000 -2.469000
-0.083000 -1.869000
-0.942000 -2.435000
-1.041000 -2.440000
-0.236000 -1.913000
-0.358000 -1.934000
-1.112000 -2.393000
-0.896000 -2.420000
-0.207000 -1.911000
-0.032000 -1.784000
0.000000 -1.884000
-0.933000 -2.440000
-1.014000 -2.453000
-1.092000 -2.456000
-0.095000 -1.854000
-1.033000 -2.444000
-0.825000 -2.410000
-0.951000 -2.426000
-0.135000 -1.893000
-0.338000 -1.933000
-0.858000 -2.414000
-0.122000 -1.893000
-0.030000 -1.786000
-0.046000 -1.866000
-0.825000 -2.410000
-0.888000 -2.420000
-0.948000 -2.427000
-0.801000 -2.404000
-0.938000 -2.418000
-0.776000 -2.400000
#Band 20
1.933000 -0.235000
2.388000 -0.263000
2.795000 -0.248000
2.604000 -0.035000
2.502000 -0.266000
2.927000 -0.278000
3.190000 -0.165000
3.444000 -0.185000
2.873000 -0.256000
3.115000 -0.260000
3.508000 -0.179000
5.329000 -0.148000
2.951000 -0.056000
2.246000 -0.234000
2.725000 -0.297000
2.660000 -0.275000
2.681000 -0.048000
3.014000 -0.236000
2.974000 -0.308000
3.018000 -0.320000
3.094000 -0.152000
3.601000 -0.189000
2.968000 -0.288000
3.256000 -0.162000
5.334000 -0.149000
2.854000 -0.057000
2.982000 -0.232000
3.203000 -0.337000
2.734000 -0.290000
3.354000 -0.356000
3.057000 -0.337000
3.591000 -0.354000
#Band 21
6.160000 0.442000
7.112000 0.459000
7.619000 0.521000
6.062000 0.124000
7.005000 0.429000
8.117000 0.582000
7.242000 0.105000
7.076000 0.145000
8.643000 0.457000
7.540000 0.469000
7.362000 0.095000
5.575000 -0.152000
6.829000 0.134000
5.906000 0.355000
6.631000 0.430000
7.734000 0.621000
6.253000 0.128000
7.561000 0.442000
6.367000 0.414000
7.776000 0.570000
7.481000 0.042000
7.139000 0.141000
7.649000 0.552000
7.533000 0.041000
5.569000 -0.151000
6.644000 0.129000
5.179000 0.286000
6.078000 0.425000
7.770000 0.627000
5.913000 0.436000
7.660000 0.569000
4.552000 0.392000
#Band 22
7.252000 0.558000
8.016000 0.650000
8.361000 0.432000
7.798000 0.683000
7.942000 0.666000
9.272000 0.685000
8.901000 0.762000
9.024000 0.766000
8.650000 0.787000
8.376000 0.553000
9.463000 0.746000
8.764000 0.588000
8.571000 0.717000
7.212000 0.604000
8.318000 0.673000
8.568000 0.316000
7.834000 0.676000
8.249000 0.532000
8.210000 0.670000
9.818000 0.710000
8.910000 0.770000
9.183000 0.743000
8.683000 0.502000
9.199000 0.763000
8.764000 0.588000
8.021000 0.669000
7.265000 0.622000
8.472000 0.674000
8.794000 0.338000
8.430000 0.667000
10.130000 0.754000
7.321000 0.613000
#Band 23
11.803000 0.648000
11.692000 0.632000
10.554000 0.570000
10.980000 0.700000
11.745000 0.726000
10.648000 0.311000
10.679000 0.529000
10.282000 0.473000
10.715000 0.285000
10.113000 0.445000
9.683000 0.682000
10.044000 1.010000
8.617000 0.594000
11.973000 0.669000
11.619000 0.734000
10.642000 0.694000
10.472000 0.690000
10.288000 0.491000
11.633000 0.806000
10.476000 0.469000
10.787000 0.736000
10.051000 0.557000
9.939000 0.438000
10.026000 0.722000
10.044000 1.011000
9.513000 0.664000
12.204000 0.717000
11.535000 0.786000
10.081000 0.565000
11.524000 0.792000
10.229000 0.461000
12.274000 0.745000
#Band 24
13.826000 1.238000
12.341000 0.929000
11.206000 0.662000
11.550000 0.915000
12.351000 0.829000
11.097000 0.738000
11.344000 0.647000
10.881000 0.604000
11.079000 0.737000
11.492000 0.749000
10.325000 0.557000
11.513000 0.761000
11.295000 0.547000
13.835000 1.229000
12.352000 0.726000
11.093000 0.522000
11.602000 0.875000
11.368000 0.716000
12.457000 0.677000
11.187000 0.587000
10.937000 0.689000
10.387000 0.589000
11.569000 0.786000
10.623000 0.637000
11.536000 0.784000
11.430000 0.664000
13.857000 1.213000
12.542000 0.677000
11.463000 0.674000
12.593000 0.698000
11.542000 0.553000
13.870000 1.206000
#Band 25
13.826000 1.238000
13.408000 0.562000
12.014000 0.850000
12.396000 0.594000
13.190000 0.612000
11.972000 0.568000
11.521000 0.745000
11.789000 0.841000
12.081000 0.617000
11.954000 0.709000
11.908000 0.560000
12.031000 0.741000
12.238000 0.536000
13.835000 1.229000
13.554000 0.891000
11.861000 0.887000
12.281000 0.523000
11.933000 0.784000
13.260000 0.772000
12.227000 0.656000
11.677000 0.722000
11.868000 0.746000
12.229000 0.499000
11.918000 0.531000
11.814000 0.625000
12.227000 0.525000
13.857000 1.213000
13.318000 0.899000
11.862000 0.756000
13.294000 0.855000
12.048000 0.769000
13.870000 1.206000
#Band 26
15.280000 1.041000
14.147000 0.942000
13.815000 0.777000
13.901000 0.586000
14.409000 1.296000
12.808000 0.807000
11.943000 0.752000
12.302000 0.713000
12.545000 0.748000
13.564000 0.799000
12.629000 0.694000
12.108000 0.566000
13.220000 0.717000
15.260000 1.057000
14.112000 0.706000
13.453000 0.773000
13.687000 0.650000
14.262000 0.826000
14.441000 1.304000
12.756000 0.774000
11.883000 0.490000
12.495000 0.684000
12.687000 0.952000
12.393000 0.584000
12.620000 0.482000
13.358000 0.703000
15.208000 1.084000
14.501000 1.272000
13.064000 0.816000
14.491000 1.297000
12.975000 0.683000
15.177000 1.093000
#Band 27
15.280000 1.041000
14.415000 1.275000
14.552000 0.706000
14.510000 0.643000
14.940000 0.972000
14.152000 0.812000
13.743000 0.858000
14.161000 0.868000
14.861000 0.963000
14.025000 0.843000
12.906000 0.901000
12.999000 0.698000
13.331000 1.048000
15.260000 1.057000
14.455000 1.257000
14.525000 0.639000
14.026000 0.765000
14.318000 0.814000
15.683000 0.881000
13.489000 0.702000
13.338000 0.811000
13.679000 0.812000
13.991000 0.820000
12.759000 0.935000
12.632000 0.873000
13.508000 0.960000
15.208000 1.084000
14.715000 0.704000
14.196000 0.763000
15.288000 0.705000
13.045000 0.647000
15.177000 1.093000
#Band 28
15.288000 0.954000
15.816000 0.924000
15.431000 1.269000
15.484000 1.366000
16.164000 0.994000
15.684000 1.230000
15.381000 0.895000
15.289000 0.873000
15.421000 0.975000
15.941000 1.139000
15.757000 1.220000
15.438000 0.894000
16.196000 1.283000
15.423000 0.966000
15.567000 0.926000
15.344000 1.342000
15.704000 1.317000
15.773000 1.150000
16.143000 1.066000
15.321000 1.231000
14.903000 1.052000
15.514000 1.124000
15.846000 1.169000
15.174000 1.127000
15.637000 0.926000
16.049000 1.287000
15.732000 0.981000
15.479000 0.927000
15.597000 1.228000
15.671000 0.947000
15.128000 1.246000
15.892000 0.980000
#Band 29
18.892000 0.593000
17.291000 0.878000
17.164000 0.971000
15.726000 0.795000
17.163000 0.831000
16.394000 1.062000
16.982000 1.017000
16.886000 1.110000
16.193000 1.240000
17.177000 1.002000
16.806000 0.888000
16.897000 1.126000
17.330000 0.925000
18.937000 0.595000
17.284000 0.942000
17.149000 0.901000
16.417000 0.850000
16.410000 0.905000
16.834000 0.978000
17.026000 1.120000
17.788000 1.084000
17.060000 1.012000
17.354000 0.964000
17.447000 1.024000
16.618000 1.032000
17.109000 0.907000
19.332000 0.625000
17.392000 1.070000
17.164000 0.923000
17.241000 1.158000
17.263000 1.145000
19.302000 1.165000
#Band 30
19.854000 1.122000
18.076000 0.971000
17.565000 0.772000
17.102000 0.907000
17.206000 0.848000
18.315000 0.992000
18.128000 1.083000
17.885000 0.962000
18.086000 0.908000
17.953000 0.809000
19.060000 1.052000
18.380000 0.894000
19.728000 0.656000
19.588000 1.100000
18.630000 1.048000
18.571000 0.834000
17.423000 0.821000
17.608000 0.804000
16.895000 0.747000
18.730000 1.085000
18.794000 1.081000
18.404000 0.972000
19.290000 1.190000
19.094000 1.051000
18.806000 1.062000
18.537000 0.787000
19.351000 1.128000
18.235000 1.013000
19.302000 0.750000
17.507000 0.909000
18.960000 1.124000
19.302000 1.165000
#Band 31
19.854000 1.122000
19.712000 0.994000
19.830000 1.271000
19.745000 0.703000
19.146000 1.011000
19.785000 1.034000
20.332000 1.077000
19.979000 1.045000
19.966000 1.103000
19.046000 1.180000
20.232000 1.080000
19.832000 1.287000
20.289000 1.060000
19.588000 1.100000
19.971000 0.869000
20.196000 1.337000
20.254000 0.767000
19.246000 1.202000
19.202000 0.937000
19.852000 0.984000
20.073000 0.929000
19.493000 0.992000
19.456000 0.885000
20.963000 1.108000
19.256000 1.019000
20.928000 0.861000
19.351000 1.128000
19.915000 0.765000
19.793000 1.245000
19.701000 0.806000
20.026000 0.971000
20.163000 0.664000
#Band 32
21.118000 1.081000
21.586000 0.919000
20.329000 0.729000
22.755000 1.396000
20.861000 0.847000
21.474000 1.139000
21.039000 1.022000
21.030000 1.087000
21.001000 1.088000
20.819000 0.812000
22.776000 1.217000
20.041000 1.041000
21.309000 1.080000
21.634000 1.122000
21.560000 1.275000
20.546000 0.794000
22.025000 1.119000
20.869000 0.790000
20.565000 0.868000
22.171000 1.107000
21.550000 1.131000
21.826000 1.190000
20.170000 0.877000
22.046000 1.155000
20.335000 1.203000
21.495000 1.089000
21.621000 0.858000
21.412000 1.240000
21.333000 1.128000
20.647000 1.031000
22.525000 0.959000
20.602000 0.791000
#Band 33
21.118000 1.081000
21.956000 1.387000
22.529000 1.135000
22.979000 0.840000
22.945000 1.566000
23.030000 0.948000
22.885000 0.967000
23.248000 0.946000
22.910000 0.899000
24.478000 1.264000
23.489000 0.978000
24.183000 1.245000
23.788000 1.074000
21.634000 1.122000
22.362000 1.365000
22.350000 1.026000
23.981000 1.122000
23.545000 1.350000
23.661000 1.716000
22.980000 1.229000
23.567000 1.018000
23.611000 0.938000
23.995000 1.189000
23.448000 0.956000
24.104000 1.229000
23.218000 1.116000
22.347000 0.891000
22.316000 1.348000
22.347000 1.018000
23.343000 1.567000
22.772000 1.370000
22.349000 0.509000
#Band 34
21.409000 0.855000
23.345000 1.353000
24.341000 1.361000
25.388000 1.258000
24.311000 1.304000
24.195000 1.313000
24.967000 1.317000
25.422000 1.343000
24.847000 1.477000
24.722000 1.661000
24.029000 1.164000
26.025000 1.442000
25.489000 1.527000
21.688000 0.873000
23.010000 1.015000
23.253000 1.252000
24.034000 1.123000
24.350000 1.270000
24.511000 1.037000
23.898000 1.107000
24.469000 1.275000
25.606000 1.428000
24.920000 1.587000
24.253000 1.264000
26.210000 1.432000
25.242000 1.243000
22.347000 0.891000
24.208000 0.953000
23.459000 1.181000
24.170000 1.006000
23.953000 1.238000
22.349000 0.509000
#Band 35
24.381000 1.037000
25.080000 1.014000
25.447000 1.242000
25.573000 1.108000
25.018000 1.200000
25.933000 1.558000
26.897000 1.994000
26.827000 1.914000
25.463000 1.469000
25.565000 1.430000
25.962000 1.575000
27.518000 2.039000
25.916000 1.358000
23.910000 0.961000
24.624000 0.992000
26.050000 1.189000
26.114000 1.563000
25.463000 1.450000
25.222000 1.275000
25.747000 1.348000
26.090000 1.445000
26.176000 1.542000
25.741000 1.265000
25.505000 1.271000
27.301000 1.990000
25.740000 1.576000
23.109000 1.218000
24.686000 1.173000
26.139000 1.193000
25.321000 1.062000
25.596000 1.166000
23.116000 1.542000
#Band 36
25.096000 1.155000
25.371000 1.217000
27.110000 1.803000
26.951000 1.933000
25.750000 1.155000
27.015000 1.510000
27.740000 1.730000
27.373000 1.812000
27.229000 1.390000
26.657000 1.267000
27.317000 1.915000
27.683000 1.835000
25.979000 1.443000
24.010000 1.036000
25.203000 1.043000
26.907000 1.863000
27.107000 2.208000
27.167000 1.633000
26.236000 1.387000
26.558000 1.230000
27.286000 1.792000
27.371000 1.851000
26.130000 1.387000
26.993000 1.863000
27.799000 1.902000
27.218000 2.145000
23.109000 1.218000
25.235000 1.050000
26.619000 1.811000
25.768000 1.044000
26.023000 1.016000
23.116000 1.542000
#Band 37
25.096000 1.155000
25.731000 1.056000
28.605000 1.590000
27.079000 2.218000
26.620000 1.137000
27.353000 1.234000
28.578000 1.412000
28.780000 1.363000
27.494000 1.330000
27.798000 1.561000
28.279000 1.682000
29.018000 1.339000
27.498000 1.969000
24.010000 1.036000
25.620000 1.193000
28.045000 1.825000
27.621000 1.607000
28.636000 1.631000
26.355000 1.055000
27.390000 1.481000
28.001000 1.924000
27.778000 1.595000
27.178000 1.593000
27.899000 1.954000
28.987000 1.320000
27.277000 1.400000
23.657000 0.904000
25.972000 1.203000
27.552000 1.755000
26.609000 1.216000
27.350000 1.512000
24.434000 0.928000
#Band 38
26.015000 1.231000
28.139000 1.437000
29.018000 1.692000
29.693000 1.807000
27.262000 1.184000
29.093000 1.342000
29.339000 1.714000
29.501000 1.772000
29.010000 1.592000
30.220000 1.555000
28.664000 1.456000
29.030000 1.307000
28.430000 1.674000
27.378000 1.339000
27.908000 1.227000
28.393000 1.401000
29.686000 1.770000
29.990000 1.604000
27.142000 1.210000
28.091000 1.497000
29.609000 1.551000
29.387000 1.647000
29.495000 1.468000
29.678000 1.552000
29.058000 1.327000
29.291000 1.781000
26.980000 1.192000
27.004000 1.001000
28.502000 1.368000
26.865000 1.617000
28.009000 1.729000
25.692000 1.135000
#Band 39
26.015000 1.231000
28.294000 1.379000
31.442000 1.492000
30.105000 1.959000
27.803000 1.338000
29.544000 1.587000
30.693000 1.660000
30.564000 1.497000
30.371000 1.499000
31.002000 1.816000
30.561000 1.868000
31.286000 1.516000
29.557000 1.913000
27.378000 1.339000
28.607000 1.563000
31.403000 1.433000
29.846000 1.560000
31.307000 1.534000
27.417000 1.090000
29.316000 1.518000
30.341000 1.819000
30.455000 1.656000
30.914000 1.565000
30.272000 1.623000
31.131000 1.450000
29.352000 1.727000
29.028000 1.494000
28.016000 1.578000
31.178000 1.377000
27.656000 1.296000
29.203000 1.477000
29.185000 1.408000
#Band 40
28.939000 1.265000
29.651000 1.382000
31.545000 1.533000
31.193000 1.621000
29.196000 1.320000
30.632000 1.583000
31.430000 1.596000
31.472000 1.814000
31.119000 1.520000
31.376000 1.516000
30.837000 1.449000
32.442000 1.597000
30.600000 1.607000
28.505000 1.263000
29.164000 1.370000
31.722000 1.647000
29.956000 1.930000
31.329000 1.526000
28.598000 1.291000
30.923000 1.565000
31.161000 1.377000
31.701000 1.728000
31.058000 1.622000
30.539000 1.573000
32.166000 1.771000
29.837000 1.695000
29.028000 1.494000
28.297000 1.501000
31.425000 1.715000
27.660000 1.109000
31.149000 1.443000
29.185000 1.408000
